25

8 7
5 1 3 4 2 8 8

10 10
6 6 1 4 6 1 10 9 9 7

8 10
5 3 7 2 8 3 5 6 8 8

8 9
4 3 8 6 8 4 8 6 7

8 9
2 6 8 2 3 8 7 6 6

91 97
12 87 43 31 49 40 61 43 18 80 34 52 61 88 7 11 2 32 22 54 45 89 51 73 90 1 58 17 51 9 72 29 39 69 65 6 20 28 43 36 77 53 16 74 20 31 51 67 64 57 24 50 61 3 24 40 54 38 4 24 37 23 5 20 39 45 13 40 18 38 31 7 11 33 42 18 21 6 39 27 38 14 24 33 31 21 9 30 15 18 14 26 7 14 16 12 5

96 96
14 23 39 36 12 37 78 73 2 95 63 18 82 52 49 34 4 42 53 22 95 27 21 59 15 25 30 34 54 42 1 11 95 53 67 94 35 67 56 1 12 80 21 88 77 11 72 31 24 17 11 22 7 15 42 34 60 42 4 6 41 56 62 68 53 11 9 59 17 48 61 41 60 2 38 55 51 50 51 49 14 50 5 20 37 35 37 12 30 28 29 22 39 16 19 16

94 100
63 9 35 43 87 78 14 91 88 29 85 73 31 19 6 8 14 20 28 85 80 67 24 81 16 57 45 5 70 13 74 31 62 61 8 57 58 3 53 42 13 42 15 18 45 58 27 49 6 10 27 9 14 28 16 3 48 7 5 39 37 11 25 6 25 34 38 16 36 1 18 25 25 31 14 10 4 12 27 25 14 16 8 11 20 3 10 4 16 6 7 7 10 4 4 2 3 5 6 5

96 100
76 19 61 62 82 18 14 9 88 15 86 50 14 34 43 78 25 30 21 74 85 83 27 79 16 75 46 39 43 1 6 55 25 62 24 57 56 55 47 49 23 9 18 63 34 55 60 32 34 27 10 44 47 17 9 1 51 18 4 21 11 41 27 25 42 2 32 33 15 24 6 25 2 12 18 10 16 16 10 12 20 10 9 5 13 20 6 19 11 9 13 11 9 6 12 8 6 1 4 6

96 95
58 81 8 45 36 11 19 61 87 72 54 18 58 4 65 79 71 89 77 91 54 5 20 95 77 7 92 38 13 26 88 24 75 85 40 25 59 39 50 10 20 76 66 75 45 31 17 50 70 63 26 65 2 26 59 51 6 52 54 36 3 36 36 18 11 44 2 49 37 38 5 12 29 24 22 8 20 12 22 30 5 31 7 30 33 7 1 16 23 30 13 2 21 7 20

91 99
36 56 89 63 8 13 8 59 18 45 22 77 84 73 68 49 84 69 70 70 80 7 7 86 29 18 20 58 18 69 86 6 43 51 55 36 64 19 65 46 70 8 42 64 61 58 83 26 61 25 20 17 9 64 9 58 50 32 33 19 41 39 47 3 34 90 69 11 42 48 67 69 13 7 81 62 68 75 45 38 61 75 73 37 71 2 2 43 67 64 14 1 9 60 61 29 55 50 50

90 93
13 35 35 67 78 72 55 3 3 56 51 19 41 73 10 2 14 36 38 78 17 40 74 74 57 72 61 42 70 10 59 21 62 64 27 49 8 47 15 58 23 8 23 22 36 43 4 25 42 22 36 17 6 18 42 40 32 25 22 38 10 35 15 32 16 24 30 19 22 16 10 17 11 5 20 22 21 12 9 5 12 8 4 7 9 7 10 3 2 5 2 3 3

99 97
51 13 48 84 79 53 98 34 65 51 80 47 54 75 32 3 67 96 3 53 16 60 78 70 17 77 97 73 4 88 12 57 49 58 96 16 96 3 94 22 66 73 36 53 11 96 97 99 10 1 78 47 12 1 77 86 20 87 8 98 33 96 31 57 49 92 55 80 77 33 80 65 3 47 6 5 42 1 68 29 22 27 34 48 14 55 47 1 16 63 44 61 66 64 17 17 21

90 96
84 24 17 5 11 61 4 46 20 43 64 46 40 35 7 59 83 60 9 68 7 11 47 13 9 20 12 62 70 19 75 49 38 74 88 52 48 49 24 44 87 39 37 28 24 58 14 52 66 22 72 70 48 60 13 50 42 3 33 81 6 90 67 38 87 34 40 33 28 88 28 40 32 86 27 24 83 23 37 10 18 90 1 3 17 89 22 88 58 69 29 15 23 81 80 79

93 98
24 76 50 61 33 56 27 15 26 68 93 36 6 87 33 64 40 45 17 25 54 32 18 48 57 49 73 8 77 74 2 35 32 77 88 48 66 29 50 33 82 1 80 86 31 58 31 4 10 55 6 84 83 63 93 9 2 57 91 90 52 27 79 64 41 39 76 83 26 86 13 39 57 59 79 42 63 76 92 35 80 20 68 6 93 92 80 84 90 88 60 79 37 2 50 78 27 80

983 986
214 816 236 123 310 353 36 940 635 953 974 338 55 694 805 198 303 126 279 319 544 531 570 448 150 672 525 378 740 327 76 92 745 183 562 117 199 685 774 250 318 207 547 134 713 143 15 915 979 207 37 132 69 433 949 569 348 407 515 226 961 738 423 545 551 942 496 31 922 840 871 616 764 184 860 315 210 430 84 298 860 29 780 98 212 693 613 314 331 882 893 586 327 422 469 865 20 784 555 291 646 597 173 868 865 189 144 206 411 911 713 675 164 575 672 198 549 664 104 750 567 356 152 459 315 354 129 470 868 323 810 56 753 192 321 637 567 784 356 226 870 138 194 484 809 451 200 90 355 916 34 480 564 854 420 34 392 799 72 720 633 34 145 412 634 683 699 405 196 333 710 804 843 584 648 931 294 505 369 800 862 751 54 54 398 794 876 703 364 663 459 553 328 63 182 419 649 268 320 340 530 793 357 186 308 342 102 13 413 859 733 886 66 709 244 212 856 328 423 429 707 679 45 726 390 862 204 673 599 618 776 793 638 742 828 410 473 476 24 748 633 781 328 377 130 789 436 775 253 397 740 863 675 761 354 268 314 91 353 131 645 818 330 171 240 540 427 228 284 617 394 58 423 568 28 197 53 583 156 224 500 794 39 831 649 260 201 41 436 478 699 130 613 11 289 562 218 320 371 764 79 636 627 77 811 237 324 140 299 759 84 97 95 634 711 21 737 482 568 218 204 238 101 454 87 361 419 778 404 326 135 61 612 336 338 143 371 147 137 118 591 606 125 713 735 326 281 66 552 373 4 499 726 183 62 741 457 3 123 41 443 489 172 721 68 498 529 93 42 121 560 145 611 330 605 653 498 524 168 490 57 348 620 237 470 470 363 648 392 693 375 548 57 6 294 595 507 244 178 697 642 242 480 158 200 207 557 105 276 345 336 594 410 74 136 412 113 697 289 15 298 351 452 328 9 164 637 418 69 249 383 537 409 152 101 52 417 200 209 216 161 581 392 427 352 559 20 126 29 469 43 444 351 544 428 355 210 532 537 290 29 321 386 438 151 274 317 283 62 368 291 366 94 511 549 598 489 66 479 360 626 88 557 585 583 599 106 143 469 208 19 229 596 287 170 347 322 617 593 221 587 73 380 80 423 557 72 508 572 186 578 30 320 230 161 418 51 79 153 507 92 582 198 489 499 201 344 471 424 172 224 227 506 573 382 290 452 147 209 442 269 274 491 29 133 538 329 354 206 83 403 527 97 196 341 194 223 26 130 58 516 409 149 280 206 322 267 1 251 436 417 120 378 184 428 457 411 523 129 251 522 470 514 189 119 170 327 340 351 123 258 155 114 423 30 143 306 251 341 515 340 478 312 149 404 391 158 138 398 238 504 464 448 218 71 187 145 358 317 423 110 278 164 349 345 193 303 130 366 2 436 412 70 6 411 168 167 57 263 219 325 297 135 219 85 398 155 122 289 199 74 365 131 428 174 103 127 106 219 78 392 332 187 280 363 125 75 228 188 362 293 50 234 288 32 166 313 221 117 106 154 285 12 395 305 325 352 33 215 254 253 215 179 12 414 23 119 88 271 105 104 188 107 347 375 314 195 333 82 281 197 251 113 67 21 195 344 302 355 240 32 166 63 390 211 298 154 27 294 66 100 30 108 56 53 207 300 55 99 306 175 191 237 282 168 181 282 190 121 6 114 44 182 231 358 164 196 188 4 5 271 174 13 298 247 180 206 128 109 234 236 271 29 71 286 260 327 116 42 73 50 16 180 22 29 68 93 150 269 177 305 224 280 188 276 272 74 100 109 229 311 206 284 73 193 264 58 22 178 34 244 181 20 42 289 68 250 23 6 151 224 30 92 106 121 278 174 93 59 35 110 129 245 241 3 131 80 186 97 246 123 268 115 117 51 262 249 14 232 120 135 98 253 181 60 102 204 57 112 108 164 222 8 198 163 46 131 176 218 86 167 223 193 159 84 45 117 89 146 117 136 188 100 59 161 71 115 36 175 110 98 212 126 108 30 8 116 33 194 103 117 15 194 146 62 9 43 80 60 205 57 203 40 81 138 102 40 186 129 161 89 141 64 163 174 181 127 130 132 149 112 150 27 30 5 155 142 88 124 82 108 154 81 171 97 58 56 30 116 119 50 50 64 60 124 97 108 40 19 10 152 102 43 86 10 38 67 114 80 82 27 33 4 8 97 79 11 50 99 105 93 125 110 71 57 128

983 997
45 935 761 760 874 364 739 195 89 553 103 351 382 514 552 643 373 681 144 390 727 298 102 174 567 575 950 494 582 633 758 926 45 561 171 485 196 548 777 937 64 591 941 559 888 151 971 179 882 813 833 14 887 569 892 216 592 860 91 491 425 794 196 608 335 760 34 598 955 503 30 119 200 616 70 516 532 661 916 632 170 308 483 548 14 231 926 263 419 662 168 26 69 425 704 476 494 524 671 36 329 836 308 776 230 95 127 773 160 495 236 346 118 136 809 138 395 659 82 514 262 42 488 610 386 540 106 848 616 534 732 90 221 247 15 16 449 207 198 795 25 233 288 372 593 137 744 622 287 325 301 478 423 12 297 18 226 393 450 73 709 314 375 972 567 980 339 496 877 149 108 18 172 446 474 859 263 454 97 298 106 316 239 139 670 698 794 335 195 487 644 799 382 48 461 323 371 208 826 863 96 352 82 844 559 928 959 524 105 115 65 138 847 348 852 688 295 400 731 449 690 312 213 317 83 474 970 768 474 601 100 953 552 633 519 308 342 325 58 255 461 523 583 103 597 21 417 212 760 22 439 302 73 721 586 119 374 298 93 138 196 916 439 562 334 107 5 572 485 816 504 296 712 48 560 86 538 257 88 212 964 462 426 99 600 498 437 299 372 230 518 47 213 887 638 766 587 109 85 618 113 472 573 474 168 652 120 34 905 760 884 628 760 61 873 747 835 104 240 583 664 755 592 399 315 398 383 906 270 569 969 614 487 98 797 812 77 297 402 336 767 25 12 912 185 922 927 587 243 376 66 947 543 192 583 808 582 631 475 740 579 934 117 847 867 164 700 826 317 913 668 396 852 739 525 312 193 727 84 182 790 260 824 205 233 228 745 803 891 683 665 526 207 189 951 913 591 430 800 691 392 749 924 269 136 811 220 841 919 474 423 607 237 931 95 542 801 202 351 309 95 430 812 610 572 939 612 520 857 193 346 415 342 449 611 911 842 204 103 408 157 842 300 100 10 915 794 396 740 245 606 952 560 270 179 74 423 330 309 862 915 289 697 494 626 181 960 392 155 73 144 224 748 413 701 506 524 648 46 239 906 313 906 115 114 337 243 384 531 285 816 406 927 132 904 784 578 169 851 188 279 598 389 51 860 616 576 757 539 90 792 355 366 292 73 199 777 21 183 732 42 748 165 739 891 50 832 46 191 190 318 757 603 498 842 892 629 434 858 517 898 802 184 925 860 809 439 685 573 780 51 511 581 495 361 202 452 734 285 730 561 513 151 475 337 193 200 833 578 243 171 942 378 468 15 525 563 19 524 812 865 912 550 100 265 600 171 835 152 309 921 702 559 293 168 724 335 624 367 455 64 324 609 599 253 365 902 654 672 441 270 374 30 276 295 840 125 890 620 467 227 306 436 317 209 160 156 890 353 428 313 162 805 583 686 850 176 298 651 799 220 131 369 720 261 489 198 192 306 208 719 272 703 568 185 301 173 108 120 325 500 2 834 476 713 626 353 469 469 540 316 840 216 752 487 843 155 24 625 453 377 130 405 699 761 86 657 461 289 166 791 381 638 222 403 346 515 105 264 637 651 236 228 310 292 496 327 164 201 522 122 789 585 326 181 601 248 565 766 8 373 570 82 96 67 82 546 453 407 221 354 47 116 479 69 105 529 336 465 222 229 538 693 542 206 63 226 736 515 514 245 293 750 543 752 748 312 1 367 571 199 369 266 36 482 258 158 287 13 237 145 65 393 358 113 12 342 615 324 735 430 392 735 41 290 449 29 152 624 131 24 192 291 575 723 254 391 176 533 387 295 600 329 442 596 93 201 518 403 539 123 528 164 130 283 186 197 312 416 442 649 410 205 279 456 494 518 617 292 2 231 686 646 201 214 352 42 482 474 558 73 225 161 60 619 542 475 662 596 426 180 30 514 138 50 380 603 321 585 303 273 193 448 73 216 554 297 156 132 22 487 111 617 158 420 300 3 387 83 397 357 598 482 605 410 514 228 493 342 388 108 290 167 33 456 468 285 88 256 552 438 504 120 463 408 3 120 497 454 276 226 189 476 272 244 209 169 491 319 340 173 105 564 465 124 354 175 564 242 518 86 144 386 548 194 573 54 508 246 392 235 442 222 375 386 55 403 507 500 123 188 217 12 345 68 440 494 269 409 475 497 427 520 424 385 236 331 142 272 72 280 282 115 456 400 428 512 446 215 168 245 47 369 383 206 456 305 177 376 409 3 294 365 298 510 522 274

994 982
133 638 942 227 186 826 582 901 856 15 535 469 630 406 144 153 10 183 391 965 886 414 540 130 668 734 106 656 365 147 200 539 379 154 522 962 914 214 768 411 578 187 25 658 115 400 19 598 656 781 390 111 278 457 662 435 90 189 902 886 496 706 273 451 846 412 774 842 813 876 928 149 686 845 848 403 732 366 288 478 794 11 429 993 570 346 485 794 614 906 456 911 797 810 921 206 116 799 667 408 163 939 114 745 143 682 834 175 490 743 762 449 40 688 216 341 567 77 626 765 190 23 647 682 552 292 98 258 366 666 242 667 817 626 641 529 894 11 829 313 552 701 553 148 720 370 372 854 844 612 128 625 610 11 423 203 279 437 577 460 767 598 214 751 558 280 496 41 898 898 382 307 25 760 359 483 424 888 319 34 63 854 897 215 29 151 444 539 43 24 123 845 43 13 280 316 394 307 217 628 455 25 491 678 232 21 706 462 316 127 48 7 780 454 256 109 366 735 474 156 728 825 857 846 854 669 249 258 595 523 499 181 469 248 783 157 685 153 476 274 242 510 574 803 78 39 66 600 74 299 723 249 186 380 462 306 21 300 247 53 269 186 620 300 521 336 129 257 97 278 425 792 643 382 134 336 335 791 2 539 788 520 688 103 119 268 166 791 269 228 520 212 744 206 672 2 695 177 99 479 170 6 569 143 672 549 284 684 664 770 539 405 222 5 253 21 523 32 442 385 438 376 211 6 187 47 291 611 617 344 169 350 9 713 222 742 430 188 457 469 680 75 292 322 17 481 147 692 173 493 609 210 439 651 237 179 134 292 389 531 319 239 21 659 528 143 497 476 697 370 40 271 256 130 491 196 160 500 189 218 595 382 674 313 37 326 588 559 518 325 551 285 107 164 621 319 675 479 179 527 563 8 677 170 468 510 300 616 294 621 400 355 390 497 565 318 9 75 468 535 44 570 68 167 631 651 294 339 547 434 55 159 110 409 223 21 169 583 604 613 297 263 479 97 53 316 387 587 258 156 426 332 137 4 526 539 530 374 162 202 187 428 484 302 313 368 110 292 545 32 280 116 574 225 101 88 300 190 310 504 247 201 373 465 189 196 199 137 236 429 209 193 498 441 24 418 392 508 351 568 521 558 159 254 476 129 254 484 522 497 82 364 545 211 384 537 47 404 168 396 266 160 160 58 394 232 518 360 416 109 461 336 426 276 401 544 334 147 403 292 485 463 122 208 515 474 455 203 489 354 235 287 290 251 4 309 105 443 348 211 498 136 150 45 377 390 387 300 133 78 325 399 228 22 280 13 186 375 493 256 165 343 175 132 441 37 80 489 24 102 396 51 24 103 139 401 250 121 415 368 390 337 60 136 100 382 389 187 372 457 305 384 286 226 462 106 121 126 80 370 90 228 149 253 339 125 299 395 435 315 153 337 400 251 229 151 211 107 72 101 177 288 56 229 4 221 103 67 101 92 259 360 275 193 188 264 358 94 321 168 181 337 147 393 264 34 107 409 219 13 66 279 13 371 382 56 122 341 42 126 53 238 347 390 203 392 259 333 189 10 355 110 274 213 155 348 335 268 99 48 349 8 166 260 148 15 45 59 112 22 126 286 357 341 242 193 326 266 10 40 234 220 104 354 307 330 1 263 329 63 177 215 90 281 190 184 306 210 226 37 260 245 122 316 134 7 265 190 291 87 1 322 319 85 174 77 192 135 164 256 4 201 152 251 43 252 85 207 44 279 287 165 17 226 83 85 61 213 286 141 51 130 258 59 16 120 124 8 258 130 275 228 40 5 57 110 77 7 28 183 120 112 101 67 267 212 187 120 205 63 88 265 104 213 127 152 232 222 135 180 237 71 211 99 238 100 112 114 134 65 56 86 126 36 198 199 127 215 88 238 27 156 102 96 65 31 61 82 102 72 108 71 96 57 82 11 11 40 29 216 109 67 202 126 71 201 185 135 32 63 61 51 58 102 68 45 98 189 34 94 175 149 60 158 23 52 61 192 144 13 178 134 85 75 16 59 22 75 80 153 127 36 54 171 57 173 78 130 95 130 163 37 100 66 96 44 43 18 32 161 89 26 122 152 30 107 36 98 49 31 48 123 105 54 144 60 62 109 109 20 16 32 56 101 36 111 61 16 28 117 54 87 81 61 69 79 37 60 49 82 111 85 86 43 110 24 64 35 90 88 80 99 31 93 58 15 10 84 58 74 77 94

996 999
410 103 338 765 411 982 509 860 812 408 377 346 134 515 87 4 396 263 591 643 166 856 90 85 817 368 148 407 256 745 957 249 343 385 955 651 4 449 711 333 141 993 488 934 730 916 669 968 728 887 679 828 163 172 7 843 402 258 846 605 56 321 360 422 569 403 25 435 224 694 302 985 561 929 24 808 726 796 56 904 61 610 204 616 109 627 796 960 242 556 864 933 361 939 39 956 189 842 9 153 880 403 234 197 271 255 203 253 648 2 37 344 118 836 782 614 771 661 625 894 970 771 40 771 980 71 636 27 768 902 452 731 577 186 903 824 237 929 289 224 714 839 128 450 708 605 434 497 95 887 360 75 478 496 120 297 741 114 348 773 888 812 814 237 875 602 625 963 744 528 821 44 533 308 7 233 243 351 863 859 64 360 376 537 244 702 207 717 411 202 121 109 496 882 838 693 931 941 393 867 431 9 980 461 603 762 774 960 840 356 301 359 806 103 425 678 29 375 451 252 319 480 901 626 478 555 129 860 263 969 787 385 887 212 158 400 901 572 186 360 761 175 114 175 796 328 80 505 157 166 648 577 562 949 402 706 726 724 630 684 377 725 368 710 602 659 584 700 654 3 496 245 628 533 11 764 685 980 802 274 823 219 551 962 479 822 556 667 142 924 395 374 769 520 942 162 645 1 123 622 724 861 377 914 691 776 311 55 303 448 288 898 265 118 988 281 775 14 810 570 781 699 963 145 241 892 569 962 699 54 132 74 262 28 362 189 160 319 339 464 338 801 54 470 93 899 209 455 65 837 40 724 386 849 157 526 117 588 618 980 31 910 926 670 409 851 836 368 398 184 515 56 862 560 812 960 58 184 94 920 347 105 69 478 931 627 429 943 37 173 705 464 809 740 296 901 667 894 501 423 98 985 969 366 633 86 220 538 380 879 740 157 209 120 724 67 126 239 494 230 26 528 439 342 652 971 490 198 435 136 571 535 622 35 598 503 754 444 675 717 836 383 461 572 645 929 326 512 872 570 395 338 931 414 58 201 670 60 467 849 758 582 803 375 361 960 345 866 180 76 615 41 988 643 767 779 849 103 530 116 717 832 214 560 227 80 45 747 627 216 912 418 350 2 509 178 330 375 559 428 530 846 856 791 156 197 731 835 73 463 538 944 592 52 796 198 9 450 571 754 2 292 480 228 795 80 791 878 95 938 839 767 31 34 166 980 591 286 497 244 149 217 438 828 995 2 307 894 525 20 959 622 500 95 838 816 575 27 557 243 795 811 557 779 584 356 270 927 993 597 65 707 64 755 130 561 275 523 904 637 556 915 529 755 331 34 203 198 306 887 818 896 135 501 192 419 945 375 182 743 607 940 46 94 587 616 697 832 890 728 324 616 26 426 858 513 146 634 52 750 35 373 694 478 90 249 869 408 911 435 341 948 886 731 619 690 463 830 277 627 365 693 682 751 110 232 594 7 301 273 468 586 228 335 436 494 980 48 897 15 337 513 405 751 93 954 557 65 15 244 939 230 699 815 299 899 848 712 612 611 599 749 942 28 901 147 217 815 964 557 758 984 239 189 84 835 707 829 453 258 207 874 756 411 560 956 134 636 307 218 826 417 287 190 924 299 683 334 323 967 448 452 729 910 630 685 501 172 31 531 847 801 526 231 320 215 739 372 773 889 211 577 283 3 368 829 327 904 18 129 70 452 375 149 146 741 223 300 888 985 945 586 41 330 27 267 241 521 752 695 163 160 215 825 409 309 789 486 245 725 231 803 589 812 439 765 72 664 130 550 215 160 985 292 528 634 489 417 182 119 518 592 1 371 95 204 752 498 703 793 307 827 100 731 795 407 219 783 818 29 586 253 976 883 338 582 131 502 604 104 837 659 643 620 84 344 398 750 127 611 676 507 171 64 118 799 4 738 172 272 28 993 119 56 411 819 167 367 287 199 801 226 261 542 983 523 222 695 625 856 421 947 395 567 398 496 775 584 222 381 231 195 770 212 349 951 739 436 12 848 650 630 834 705 750 298 564 60 226 852 148 293 812 712 237 874 67 891 834 183 2 148 92 339 994 930 171 889 313 490 492 83 476 72 556 254 611 740 550 375 868 851 3 746 761 864 76 396 688 331 279 568 100 553 492 776 154 452 549 438 316 663 148 386 109 57 505 217 361 148 908 728 515 778 695 450 243 774 984 413 702 778 782 992 439 196 662 78 775 658 916 143 539 59 640 816 260 148 625 217 186 587 169 733 854 994 993 992 992

975 985
494 130 19 655 566 677 348 675 107 130 123 301 771 769 727 495 82 54 358 710 792 854 718 740 668 644 952 325 202 236 445 368 277 495 358 731 822 886 642 889 520 887 972 295 855 577 699 173 964 89 872 805 272 870 40 802 340 365 347 320 728 28 497 199 691 664 372 446 621 974 746 797 847 914 329 268 909 42 279 626 650 278 890 238 730 619 355 795 578 843 76 647 605 619 455 23 527 108 240 752 536 274 505 593 903 217 501 720 644 736 473 521 335 493 38 701 937 766 533 368 393 519 746 475 838 551 680 325 61 813 236 710 883 581 370 118 224 621 541 160 642 860 937 160 45 409 315 222 531 398 19 363 14 612 533 503 543 841 227 889 786 144 586 51 120 940 627 191 805 516 92 261 935 685 649 392 126 51 526 925 898 900 248 654 525 595 838 174 889 163 827 706 307 27 513 3 226 122 82 559 906 668 501 862 131 338 587 151 864 801 35 148 829 71 485 782 278 812 385 137 337 239 215 641 672 20 580 595 813 771 229 120 528 576 612 628 644 115 741 146 271 511 210 389 278 513 380 745 730 720 557 202 236 24 639 378 488 420 514 636 594 257 523 177 207 101 286 619 197 588 722 638 152 393 446 830 267 187 452 615 308 643 709 44 110 115 814 452 814 290 313 330 199 67 805 595 381 34 138 358 752 75 536 805 717 129 801 388 413 112 396 675 52 617 478 562 335 335 444 219 365 680 561 688 54 84 660 438 536 462 356 433 550 514 184 442 147 173 10 510 528 383 482 572 297 491 71 586 363 700 75 441 295 626 209 368 506 126 452 211 326 601 485 42 682 137 412 709 404 461 260 413 204 42 721 719 525 555 675 93 182 449 130 352 34 100 463 394 455 286 195 639 618 564 538 553 496 665 271 167 549 474 156 342 491 654 255 142 685 103 177 50 602 490 292 304 303 590 485 107 674 119 259 629 71 676 104 194 113 485 518 265 319 134 492 315 639 9 227 601 200 293 239 233 582 222 641 383 121 12 520 617 262 211 417 637 396 126 2 153 334 6 539 235 605 44 621 160 198 320 323 320 106 594 446 517 503 244 104 3 578 535 412 514 565 510 279 114 135 583 189 450 306 491 371 369 363 442 441 17 331 135 240 292 56 217 245 507 291 35 201 149 227 541 30 515 476 383 123 186 575 74 566 139 185 381 162 232 265 81 25 469 34 405 550 441 70 462 323 60 77 269 67 395 50 194 558 532 314 387 199 429 19 180 495 185 526 103 117 117 313 240 386 75 240 478 537 82 489 468 363 422 423 99 441 465 67 526 361 171 481 318 313 453 67 407 347 502 342 5 309 317 136 143 121 270 191 346 225 26 362 124 480 210 24 477 23 419 317 215 368 53 140 398 346 176 376 474 124 185 292 151 421 181 370 354 402 282 159 246 237 102 26 303 447 228 454 409 167 285 162 97 124 192 452 297 86 412 364 318 395 100 131 262 277 452 368 156 283 286 311 75 51 142 20 353 242 373 110 243 72 89 166 102 69 315 184 9 165 377 279 277 321 133 116 86 224 197 31 9 23 355 378 170 410 384 353 48 77 143 212 40 52 185 358 42 233 187 294 105 82 100 159 95 291 391 169 222 363 320 36 172 274 34 39 158 277 66 365 236 230 64 339 171 92 198 333 56 58 154 198 343 60 242 184 208 46 26 217 311 34 77 106 288 119 309 90 160 147 191 27 75 321 173 150 325 82 282 68 273 53 255 286 5 6 157 31 242 101 239 327 22 35 298 184 104 315 274 201 301 255 103 153 12 212 2 159 150 207 20 179 274 244 119 254 25 229 59 38 71 239 263 295 7 136 145 214 216 65 36 6 141 138 156 254 18 108 274 81 150 96 61 25 153 175 158 259 110 59 66 30 20 8 42 47 169 106 186 257 2 56 157 123 182 233 249 239 106 184 205 228 106 62 73 149 221 24 39 203 121 21 28 136 165 211 39 129 89 27 68 99 174 107 94 157 217 63 43 114 92 191 199 130 76 157 6 122 105 170 51 26 96 61 102 184 195 162 185 115 198 145 102 165 81 94 72 32 111 29 41 97 135 41 117 105 79 161 132 27 55 164 71 5 119 115 61 78 125 71 48 80 101 23 4 159 40 43 69 111 14 78 40 116 111 79 96 92 73 16 82 9 116 34 135 88 67 127 119 87 74 109 83 105 3 79 86 114 122 11 6 58 29 117 37 90

999 989
233 546 434 497 443 568 984 163 705 974 850 613 226 989 90 643 859 464 873 244 389 454 211 179 269 826 865 137 820 771 663 420 354 539 625 921 240 54 152 368 822 778 915 345 476 390 383 748 714 928 345 643 415 288 357 75 214 449 848 812 30 32 691 687 407 724 45 226 796 227 225 753 485 918 509 237 568 677 813 555 458 86 709 472 346 769 803 20 408 498 59 486 472 898 825 847 691 619 205 117 555 319 705 825 389 878 170 425 553 891 640 314 234 78 251 532 718 202 282 106 135 812 377 174 219 397 723 434 309 113 458 98 5 875 751 238 116 784 585 834 832 159 221 151 845 232 141 804 374 466 479 370 697 409 752 827 670 552 565 414 393 173 171 207 374 442 150 348 502 349 702 551 675 430 544 547 775 525 38 243 424 447 699 385 370 568 379 105 189 402 768 110 389 697 500 108 214 178 31 425 456 684 422 171 791 786 789 367 236 263 53 425 712 143 585 521 463 650 669 83 635 234 457 351 132 267 520 81 161 652 463 731 563 425 578 667 30 622 639 379 171 281 125 212 118 49 471 492 49 333 592 174 7 318 300 354 187 113 567 323 134 560 223 467 58 49 202 477 310 737 699 220 730 273 453 256 383 328 275 577 555 727 22 724 153 624 92 517 94 615 407 88 84 240 245 484 65 231 693 433 199 173 483 468 574 268 251 248 650 468 449 680 545 306 244 295 389 55 134 596 184 424 171 285 321 593 676 490 152 614 113 193 66 628 185 308 103 643 612 51 564 58 656 377 584 159 550 119 399 83 415 587 76 155 507 280 152 272 97 193 591 212 563 115 279 72 114 474 293 554 62 476 22 312 566 70 174 568 429 381 587 210 116 217 462 16 93 39 273 304 64 262 551 609 370 403 243 292 356 216 525 98 97 344 23 129 332 251 567 241 113 9 350 33 360 377 331 517 62 441 397 565 459 267 429 367 524 299 112 454 90 80 449 410 284 319 553 25 518 369 143 430 190 551 61 524 401 204 200 96 67 376 169 440 16 30 22 533 419 263 132 532 227 117 144 304 429 90 263 298 144 451 510 482 165 117 526 491 293 25 108 249 176 133 267 200 63 297 352 198 279 324 233 129 168 314 202 213 231 44 486 482 38 413 117 222 25 11 12 171 156 244 27 410 331 110 188 345 312 305 158 85 138 311 307 359 81 242 439 221 205 133 161 188 38 61 44 106 220 57 382 233 195 430 238 163 64 393 429 293 55 259 146 94 393 51 403 125 274 199 344 200 130 392 143 5 154 56 132 300 312 321 133 367 255 107 351 170 85 231 36 214 41 20 402 68 284 57 346 416 73 266 158 81 119 52 112 168 75 342 131 404 67 97 131 403 98 11 173 394 389 21 129 262 250 235 121 355 262 194 292 104 360 167 345 44 84 106 182 356 342 73 157 52 97 272 180 233 267 31 173 77 17 51 54 141 175 63 11 98 320 273 254 299 133 72 103 282 62 134 168 40 267 244 49 92 274 237 97 340 151 190 141 89 197 146 186 327 259 188 141 48 132 83 302 59 23 280 219 45 180 304 209 260 85 203 265 220 39 164 133 191 19 152 211 13 104 209 222 152 73 95 267 111 268 105 254 254 91 16 236 190 34 14 185 179 174 268 15 14 144 173 225 167 205 153 129 221 6 188 92 240 145 245 202 55 190 124 23 73 168 117 249 142 127 49 214 10 248 69 96 71 106 156 52 235 25 36 215 201 226 137 12 105 167 170 160 198 136 84 80 212 2 23 160 209 141 102 126 106 70 145 9 16 149 213 45 19 34 32 37 207 56 34 199 40 168 26 93 187 80 8 166 92 170 60 79 181 104 50 29 56 178 91 149 108 122 142 148 102 116 81 21 123 162 5 161 85 146 89 57 29 37 22 154 151 17 119 36 84 95 87 155 145 108 50 6 92 123 6 90 88 61 125 84 118 131 121 140 27 28 14 88 88 109 50 116 80 55 77 71 24 123 40 17 102 4 101 81 81 31 111 106 76 109 1 19 12 87 82 37 39 75 97 86 31 37 46 29 89 76 7 64 24 23 55 68 35 6 75 50 59 59 55 74 82 63 56 56 45 30 32 14 37 70 64 12 10 51 63 37 52 34 9 62 62 36 4 26 5 55 31 19 54 40 2 52 22 36 24 41 32 18 35 38 16 36 20 9 26 9 18 7 20 1 10 2 20 22 16 27 23 26 18 13 2 8 19 19

1000 980
601 451 146 367 550 517 312 887 151 731 136 689 166 258 197 612 233 10 647 474 817 921 764 300 244 264 289 261 480 749 130 928 960 583 571 532 597 410 82 27 922 785 578 937 950 433 214 419 82 96 840 192 431 405 757 727 26 673 908 191 976 464 206 198 534 90 875 633 361 457 55 103 862 679 649 304 67 47 208 585 536 766 541 790 620 364 226 168 211 809 159 657 391 339 772 989 723 132 881 13 915 148 965 658 48 753 64 530 413 728 833 599 833 52 30 648 935 126 572 545 986 956 949 593 662 163 947 306 865 257 563 33 588 363 450 460 4 408 145 258 961 427 208 717 721 726 330 293 545 621 251 532 764 336 284 39 467 243 641 901 690 327 775 536 359 639 654 355 106 727 382 916 84 555 184 669 884 189 96 263 185 207 69 719 658 818 896 984 79 801 721 361 561 750 851 682 567 258 180 1 169 464 928 900 83 99 564 662 237 870 352 176 292 264 73 295 418 580 391 812 457 221 628 180 442 821 628 967 121 17 858 34 1000 792 54 342 913 108 701 534 179 624 4 565 305 694 387 468 99 328 818 842 342 3 473 174 558 67 43 252 818 37 417 143 68 597 652 232 326 954 487 206 446 859 348 273 80 936 452 263 562 482 63 212 538 433 746 627 543 26 580 743 330 59 723 707 565 155 489 233 353 906 118 731 308 558 547 142 715 81 249 639 418 13 474 594 395 239 682 760 32 27 869 489 758 847 811 174 342 416 651 14 753 297 533 284 587 134 270 372 459 987 616 45 545 580 791 84 572 691 429 206 325 280 732 101 118 426 737 418 74 166 468 589 833 261 625 747 717 336 857 487 428 944 832 131 827 827 350 859 225 343 981 430 155 478 711 420 375 601 248 318 197 838 683 850 122 553 550 315 564 881 530 629 197 737 432 159 849 461 653 435 736 62 944 395 716 495 663 767 148 198 330 563 858 204 630 532 429 520 703 617 175 286 719 650 177 762 826 712 719 656 981 401 524 71 779 399 792 492 464 720 136 324 164 339 729 473 471 703 436 165 440 589 125 268 573 233 369 258 472 648 215 676 749 951 874 169 165 666 48 539 294 276 447 189 907 792 365 6 282 579 117 888 430 705 32 428 2 561 298 212 349 819 524 439 853 117 511 554 809 604 974 989 92 619 988 39 157 669 370 757 151 634 566 465 346 82 527 332 351 941 277 704 550 82 812 227 403 262 775 7 430 893 894 958 920 390 25 607 980 335 875 39 828 642 908 209 334 689 578 746 521 373 372 674 573 595 581 533 479 828 890 518 791 935 176 372 39 972 373 554 813 936 892 258 594 102 537 859 423 227 924 828 813 6 125 420 34 575 223 397 597 654 591 682 933 541 419 488 663 981 646 80 731 4 698 246 895 462 750 53 238 176 564 553 465 443 47 298 49 358 460 398 890 382 674 977 217 80 344 442 194 57 349 812 866 881 637 581 375 452 196 896 423 941 818 449 787 968 187 804 677 894 873 529 281 441 898 633 335 684 85 408 701 501 471 519 507 418 26 604 105 830 837 172 474 89 357 238 170 291 406 70 569 149 232 204 153 914 868 774 276 412 942 297 267 128 764 896 656 203 477 381 764 713 618 89 312 618 744 723 73 525 719 863 776 179 969 486 665 467 63 194 73 152 458 886 351 242 848 32 965 171 339 632 575 960 174 399 764 918 892 743 281 763 866 900 453 219 649 847 873 70 231 10 921 884 10 807 296 722 937 758 923 29 741 802 151 344 915 617 629 245 490 848 623 486 785 914 590 560 417 718 782 319 335 616 171 426 652 21 600 741 564 930 317 689 151 706 9 953 403 124 536 749 678 105 178 440 40 122 175 727 450 618 465 144 134 571 39 186 194 422 482 360 346 137 995 563 278 766 786 873 483 312 889 644 683 979 246 149 278 181 996 931 872 972 196 910 700 750 766 621 1000 880 418 296 464 592 837 746 928 95 990 320 502 230 816 801 296 515 645 643 912 240 642 849 331 220 749 738 747 616 491 748 500 279 699 878 470 46 317 155 274 304 197 517 910 141 576 606 389 70 108 907 61 745 746 936 505 801 129 817 591 137 478 410 416 733 791 169 233 849 892 435 72 928 169 202 756 486 118 105 611 322 4 715 242 513 541 671 648 710 910 111 331 241 277 883 707 599 576 814 231 648 522 750 576 215 894 179 441 593 890 749 517 741 558 356

973 971
143 581 253 940 213 6 583 653 174 474 35 141 13 599 309 243 872 707 348 298 113 614 627 819 741 231 794 738 932 459 184 224 545 807 542 415 199 526 856 665 191 780 754 535 181 390 869 155 593 658 61 487 603 825 894 503 453 793 594 580 730 597 926 731 206 424 839 381 960 171 63 749 379 350 745 803 409 135 633 811 857 215 540 676 821 336 534 381 526 24 290 91 963 925 154 680 513 855 735 641 872 313 334 720 855 735 521 881 502 948 395 278 955 773 937 154 617 204 308 825 132 385 217 716 209 219 2 890 548 965 746 255 314 281 890 104 166 182 521 524 475 862 881 503 843 8 292 743 813 216 384 370 824 152 370 455 780 762 967 895 53 493 725 877 943 814 523 191 339 652 953 165 930 457 138 750 426 387 797 63 409 559 506 521 172 87 448 488 66 64 384 863 462 346 515 319 389 338 200 624 337 150 679 197 39 7 884 414 697 200 464 495 642 588 928 703 628 10 494 36 689 476 674 600 242 646 625 763 655 262 311 781 92 732 809 402 192 36 436 258 927 799 115 777 103 713 656 46 115 954 109 498 377 683 836 14 349 743 122 955 734 400 241 378 838 673 446 404 688 592 362 931 900 446 815 893 538 503 660 800 727 351 794 549 388 447 438 806 889 725 198 864 148 603 102 239 21 534 674 572 513 926 332 934 464 930 543 896 462 680 296 223 158 244 416 93 113 708 895 39 33 720 665 558 453 342 228 110 356 461 712 936 24 431 792 550 804 862 124 814 583 915 48 129 578 730 29 926 665 749 30 326 506 57 455 176 636 286 179 353 91 621 511 309 28 810 321 622 278 619 919 893 805 859 464 672 61 926 6 954 434 694 689 884 866 409 353 339 907 499 99 762 905 230 330 311 442 795 954 101 688 841 564 890 605 2 928 770 374 139 383 250 304 179 814 452 188 925 74 729 809 357 7 349 946 32 502 599 652 675 689 896 382 925 226 462 153 485 835 475 730 237 256 927 472 946 159 761 849 964 492 708 227 274 883 415 764 599 487 117 518 154 927 814 471 898 459 411 494 208 117 587 81 793 40 16 202 798 96 224 434 157 767 286 709 167 76 688 19 967 849 509 864 354 191 655 480 133 139 200 250 509 577 97 768 362 462 603 418 383 241 96 846 580 32 140 574 351 305 893 852 205 377 215 234 117 40 813 556 739 838 191 467 849 200 432 466 699 651 170 454 674 650 45 597 74 490 377 336 587 767 35 284 851 498 693 131 236 39 664 176 935 109 871 836 465 199 241 122 623 304 823 53 759 282 237 263 679 443 120 483 630 956 505 530 442 340 660 412 669 973 783 259 342 785 751 921 608 957 625 2 217 728 190 655 623 828 224 235 921 279 9 394 684 433 349 220 441 593 855 652 698 683 316 948 474 73 632 848 73 760 277 790 479 430 796 439 114 918 123 87 848 222 96 468 75 536 121 890 59 147 720 264 561 233 730 64 623 429 15 702 433 809 414 404 521 904 730 540 798 539 330 100 70 662 665 342 775 745 600 615 646 123 898 316 159 185 273 55 629 151 100 256 773 849 656 579 294 326 477 86 558 524 790 473 585 318 418 68 59 426 93 331 574 26 802 577 726 862 818 669 189 505 738 668 573 166 819 139 608 109 23 486 52 406 286 743 467 281 50 217 370 208 191 616 611 657 601 649 419 576 322 379 648 607 453 810 754 161 261 532 195 625 205 238 481 343 351 403 458 331 165 164 611 618 784 320 606 390 710 358 265 605 169 123 547 464 436 792 539 790 705 87 45 327 633 307 222 569 332 136 594 385 496 635 527 270 756 530 151 198 167 768 767 300 570 327 711 512 692 108 622 160 669 328 491 515 257 258 128 384 691 20 590 391 451 689 104 128 727 377 650 481 626 30 261 694 475 667 219 613 201 348 590 278 608 586 63 676 491 384 187 483 197 260 633 409 165 149 635 696 201 630 581 311 176 287 60 109 301 296 214 556 455 21 356 161 191 688 103 317 145 476 69 37 396 639 103 592 54 278 591 77 331 412 413 426 482 182 33 664 162 469 247 270 430 80 297 489 207 387 177 256 76 573 488 427 98 162 648 451 512 422 92 307 350 637 262 114 72 75 28 625 56 402 3 283 294 368 151 526 61 307 193 406 302 111 348 192 472 381 193 218 212 163 427 401 25 140 606 558

982 980
642 145 952 512 750 682 435 676 589 898 738 290 646 170 814 755 427 415 927 338 21 255 346 817 306 453 929 506 285 125 217 658 408 804 123 542 192 732 421 784 963 117 107 966 292 269 570 505 451 170 489 152 686 31 682 194 838 297 914 61 534 509 555 133 733 367 487 318 456 410 481 545 878 523 93 860 234 664 902 213 976 190 916 154 94 880 117 775 917 907 704 795 725 764 777 169 913 868 765 631 318 732 143 403 741 940 290 519 516 320 4 315 446 538 379 303 496 943 571 563 958 729 663 410 600 56 590 273 556 961 615 329 172 950 641 977 358 493 203 103 429 58 560 355 360 171 478 683 682 445 275 47 152 453 769 189 9 927 648 365 636 913 605 207 437 501 252 203 97 222 535 786 196 745 761 172 524 17 813 585 757 888 283 661 380 705 385 634 144 20 711 334 543 401 356 753 710 498 649 79 243 109 523 13 350 652 397 421 385 539 208 763 196 144 135 743 629 345 653 526 473 394 408 509 129 856 41 440 108 362 157 676 695 185 329 108 386 884 808 789 853 299 482 731 394 195 311 703 438 132 762 38 31 345 577 815 470 76 655 149 420 589 367 604 464 261 709 708 714 590 502 536 525 766 9 331 78 236 489 120 697 31 827 141 360 87 399 596 139 700 178 533 615 220 270 259 276 723 344 631 606 230 484 434 285 385 786 147 483 681 669 748 247 32 557 377 93 704 599 413 668 782 351 514 358 195 8 159 597 280 288 471 444 645 689 527 16 551 537 154 466 691 305 200 211 374 264 669 649 99 561 130 661 752 274 204 167 146 271 30 688 77 108 364 242 179 15 295 399 507 77 727 497 709 96 745 438 544 362 257 229 17 114 443 267 342 701 400 90 525 510 132 225 145 533 576 549 694 384 265 649 578 232 595 20 156 407 520 20 218 507 216 457 402 321 444 467 454 142 36 622 212 60 258 49 618 571 244 350 693 407 155 338 123 30 341 207 603 434 511 473 29 82 608 617 207 52 349 298 634 612 486 11 536 661 23 5 15 575 160 268 230 207 211 340 488 516 240 153 123 399 597 444 489 330 107 510 330 376 334 434 604 629 132 357 325 381 484 203 603 359 619 458 460 234 303 163 340 440 408 5 612 555 473 112 214 24 235 103 175 394 361 220 139 87 461 180 604 514 419 599 453 388 185 361 274 401 446 172 22 285 105 564 362 534 407 521 298 540 492 309 413 209 189 216 216 493 346 220 332 127 300 380 229 443 11 345 360 93 158 221 394 242 255 318 244 53 413 274 395 136 40 400 256 95 387 511 110 189 147 93 527 281 159 380 129 513 358 527 475 247 46 270 111 500 303 345 259 494 438 391 223 180 324 320 319 120 413 166 107 493 144 108 140 375 117 288 258 163 193 472 354 441 86 439 443 214 17 184 349 443 20 281 308 146 185 403 250 6 65 456 47 147 273 347 391 159 257 284 176 108 115 376 67 99 466 17 447 163 462 11 28 22 458 186 153 363 201 280 46 104 150 124 57 41 275 426 420 13 75 189 196 220 379 155 49 135 263 180 4 175 106 340 301 258 176 372 310 117 101 245 12 196 64 175 55 415 23 225 412 309 272 402 9 234 172 383 178 31 316 204 155 12 291 282 165 369 239 121 132 213 278 264 357 172 76 247 135 237 109 143 141 328 232 267 281 78 192 328 198 48 42 336 36 259 356 127 28 292 216 252 27 248 330 3 32 349 216 81 168 191 290 247 254 117 116 51 149 163 191 57 219 295 96 322 283 91 30 13 185 108 241 285 17 130 145 232 127 262 78 55 131 123 113 74 69 275 82 248 48 197 282 68 164 218 219 94 238 136 195 131 255 139 126 157 182 89 56 57 137 76 208 238 258 175 99 256 256 198 121 249 272 222 147 170 16 145 161 131 196 264 88 202 111 144 242 88 35 73 228 76 106 248 211 100 101 149 245 245 90 50 116 40 244 230 153 155 145 177 209 146 172 88 13 87 105 39 95 196 73 167 129 178 122 159 32 119 194 135 51 137 80 7 202 190 184 188 14 72 90 95 182 132 150 150 123 81 81 22 179 65 189 181 190 7 179 102 99 127 14 178 100 163 135 64 97 63 76 82 102 116 92 96 42 168 151 78 117 98 13 77 98 5 9 135 126 108 149 94 59 161 45 75 154 85 128 69 32 126 85 123 91 77 116 2 30 138 83 79 73

969 979
337 53 232 626 246 751 697 594 861 30 387 107 298 38 126 280 169 483 789 433 476 899 97 419 855 97 455 478 463 416 755 60 905 13 674 158 600 318 791 78 719 82 830 59 755 122 440 450 389 576 299 861 355 359 158 27 97 409 211 696 664 304 747 630 99 590 353 509 492 240 96 323 136 187 851 916 206 649 824 607 688 554 934 435 204 511 361 607 678 817 15 482 775 516 329 787 79 254 79 320 335 361 534 444 145 950 282 264 338 595 609 385 702 360 24 234 851 682 700 313 812 161 132 888 646 361 374 757 16 913 854 729 862 368 479 534 170 858 494 297 782 151 235 525 918 93 460 161 455 875 796 823 305 423 406 389 508 341 940 443 581 368 392 839 737 912 272 11 595 690 15 184 178 2 940 286 203 399 432 937 302 56 655 206 673 514 13 60 478 314 541 615 674 323 813 577 683 426 524 767 854 670 196 187 546 384 222 618 777 293 941 8 572 10 698 174 656 134 343 913 453 353 667 591 257 75 587 224 553 380 189 110 6 355 493 582 812 862 565 45 965 433 787 485 157 713 857 679 737 547 313 714 73 39 30 540 732 644 267 770 666 708 366 606 60 773 869 532 108 524 651 213 757 387 942 677 127 92 892 202 899 903 171 812 600 187 815 960 467 780 76 303 315 626 80 222 189 747 1 256 125 411 626 164 627 26 125 550 101 220 311 237 617 432 889 566 233 788 260 11 941 531 49 925 744 758 459 318 277 123 425 619 180 176 669 670 746 383 9 199 607 253 240 712 164 553 568 227 640 374 443 653 477 738 151 899 838 542 433 31 258 822 471 457 830 604 292 600 519 720 820 803 949 382 641 961 200 391 524 532 434 359 31 136 336 949 721 183 529 40 83 811 186 901 32 97 34 289 563 121 248 210 331 776 906 530 453 558 926 505 334 867 951 22 6 537 611 921 872 146 951 701 802 186 123 624 401 110 597 649 797 667 12 651 526 253 691 345 173 329 672 2 542 511 497 721 32 274 122 325 137 898 774 236 530 807 29 180 289 218 879 503 280 872 434 232 246 523 651 404 897 349 104 357 440 491 690 467 452 659 750 479 79 289 111 254 102 666 784 357 533 46 824 787 133 286 26 474 109 554 218 401 692 56 842 602 560 395 501 343 438 425 154 750 450 736 732 279 303 459 74 794 188 576 591 768 209 805 281 420 243 741 354 420 428 196 152 324 678 149 573 430 805 2 162 405 191 423 616 443 66 254 233 520 694 529 258 681 523 152 694 697 264 180 661 48 80 200 438 455 735 577 728 657 152 714 535 70 44 318 109 162 470 470 643 206 243 344 110 137 454 265 188 439 42 235 152 688 47 137 771 548 623 113 297 513 505 526 352 469 213 492 34 101 552 156 670 231 404 752 349 45 677 405 80 733 658 77 44 157 694 377 21 662 217 618 139 94 348 651 219 44 161 351 416 393 702 568 352 607 228 325 675 668 51 102 248 699 482 701 376 571 117 301 690 266 439 698 649 2 328 616 549 425 321 672 254 136 662 353 518 627 415 621 78 613 226 72 140 607 373 604 234 88 530 437 247 30 55 389 261 83 670 141 446 344 505 379 419 570 220 200 141 645 501 376 308 388 563 537 511 120 293 619 466 204 212 589 437 304 507 623 385 30 608 86 619 10 61 303 143 489 474 187 442 438 187 55 389 229 56 271 347 367 265 244 126 219 608 510 535 550 172 504 340 316 234 469 385 398 406 427 582 109 594 326 66 195 104 370 441 227 156 431 476 187 8 196 31 391 219 579 563 23 259 114 73 261 103 323 293 525 203 145 77 326 382 254 401 140 290 364 5 311 93 390 514 394 188 411 259 409 215 199 44 142 85 289 123 456 398 174 154 435 118 239 64 192 423 86 521 260 169 393 418 186 121 271 439 127 32 443 50 83 351 20 231 387 56 111 91 245 84 369 266 500 135 345 455 477 10 190 494 432 242 141 489 119 324 491 190 232 443 355 476 331 97 364 3 480 137 35 298 186 295 288 72 443 23 359 52 470 348 392 375 466 29 58 51 412 40 270 276 76 317 357 191 382 240 192 419 93 333 204 221 136 240 387 211 259 208 221 176 125 285 392 333 235 198 44 410 178 226 286 412 319 362 245 365 381 247 295 123 107 372 384 231 42 263 224 29 304 87 7 102 195 231 27 368 343 231 160 388 388 112 372 391 154 252
