13

5
7 7 2 9 8
9 2 9 3 3

10
7 6 9 3 2 8 7 7 4 4
7 0 3 6 8 6 6 3 5 9

10
13 15 64 29 69 17 67 19 15 42
43 36 78 71 52 74 51 57 84 22

50
1 1 0 0 0 1 0 0 1 1 0 1 0 1 1 1 0 1 0 0 1 1 1 0 1 1 0 0 1 0 1 0 1 0 1 0 1 1 0 1 0 0 0 0 1 0 1 0 0 0
1 0 1 0 1 0 0 1 1 1 0 0 1 1 0 1 0 1 0 0 0 1 0 0 0 0 1 0 1 0 1 1 1 0 1 1 0 0 0 1 1 0 0 1 1 1 0 0 1 0

50
1 3 3 1 2 4 7 0 9 1 6 2 1 3 5 2 0 6 9 2 5 5 7 1 4 1 9 6 7 5 8 1 8 2 2 5 3 8 7 3 4 0 2 0 9 8 6 6 5 8
6 4 3 0 6 3 6 2 7 6 8 3 5 5 7 7 9 9 8 4 2 8 3 4 8 8 2 2 6 5 5 5 3 0 2 1 6 7 0 1 1 7 5 4 7 2 4 4 2 4

50
60 66 35 94 97 30 45 53 98 18 36 23 98 14 89 85 18 51 83 52 17 14 97 62 40 32 60 91 25 50 88 33 99 78 90 84 25 56 48 80 23 27 61 79 44 84 84 87 57 89
97 96 95 87 18 30 36 72 98 88 85 91 31 51 10 15 77 56 21 22 60 22 27 66 73 24 29 85 61 39 90 63 22 87 37 97 81 72 85 68 35 72 35 44 60 96 21 43 11 39

50
271 841 297 358 535 675 373 397 787 648 811 173 984 484 741 598 271 382 571 375 668 710 791 666 584 576 402 150 862 927 124 656 713 217 778 194 419 523 206 916 705 631 436 729 409 838 575 611 715 272
962 800 409 896 572 888 301 276 682 769 715 577 946 315 715 977 674 665 603 259 234 759 793 830 185 253 116 745 835 266 279 892 635 994 767 858 782 928 923 278 315 233 880 384 830 157 934 195 776 275

200
0 0 0 1 1 0 1 0 1 0 0 0 0 1 1 1 0 1 1 0 0 1 1 0 0 1 1 0 0 1 0 0 0 1 0 1 0 1 1 1 1 0 1 0 0 1 1 0 1 1 0 1 1 0 0 0 1 0 1 0 0 0 1 0 0 1 1 0 0 0 0 1 0 1 0 1 0 0 0 1 1 0 0 1 1 1 0 1 1 1 0 1 1 1 1 1 0 1 0 0 1 1 1 1 1 0 0 0 1 1 0 0 1 0 1 1 0 1 0 1 1 0 0 0 1 0 0 0 1 1 1 1 1 1 1 0 1 0 0 0 1 1 1 0 0 1 0 0 1 0 1 1 1 1 0 1 1 1 0 1 1 1 0 1 1 0 1 1 0 1 0 1 0 0 0 0 1 0 0 0 0 1 0 0 1 0 1 1 0 1 1 1 1 1 1 0 0 1 1 0
1 0 0 0 1 0 1 0 1 0 1 1 1 1 1 1 0 0 1 1 1 1 0 0 0 1 0 1 1 1 0 1 0 0 0 0 1 0 0 1 0 0 0 1 0 0 1 0 1 0 0 1 1 1 1 1 0 0 1 0 0 0 1 1 1 1 1 1 1 1 0 1 1 1 0 1 1 0 0 1 0 0 0 0 1 1 0 1 0 1 1 0 1 0 0 0 1 0 0 0 1 1 0 1 0 0 1 1 1 0 1 1 0 0 1 0 0 1 0 1 0 1 0 0 1 0 0 0 0 0 0 1 0 0 1 1 1 1 0 0 0 1 0 0 1 1 0 0 1 0 1 0 0 0 1 1 1 1 0 1 1 1 1 1 0 0 0 1 1 0 1 1 0 1 1 1 0 0 0 0 1 0 1 1 0 1 0 0 0 1 0 1 0 0 1 0 1 1 0 0

200
0 1 1 3 2 3 1 4 5 2 0 4 4 4 5 4 9 5 1 6 5 1 0 0 9 2 3 3 5 4 5 2 9 9 0 4 7 5 2 7 0 0 5 0 0 8 8 9 2 1 2 6 8 9 1 3 5 6 8 8 7 3 9 8 6 9 6 1 1 2 2 9 0 9 5 9 7 7 7 3 7 7 9 3 6 2 8 5 9 8 0 5 0 4 5 7 7 6 6 6 6 7 4 3 3 0 5 5 4 4 0 9 2 1 7 6 1 2 0 0 0 2 6 9 7 7 0 6 9 2 4 8 3 1 5 8 9 9 4 4 9 7 9 8 1 4 4 2 4 1 3 9 3 1 0 8 3 3 1 6 4 7 5 8 1 0 1 7 1 7 1 8 3 1 6 3 2 9 4 6 6 7 6 4 8 5 1 5 9 1 5 6 6 7 4 6 6 0 5 1
1 6 8 9 7 5 9 1 1 5 8 2 2 7 8 3 2 4 3 2 2 2 6 0 3 2 0 8 6 9 6 7 2 0 8 7 8 4 9 5 6 3 9 8 0 2 2 9 1 9 6 8 0 7 9 6 0 3 6 2 9 5 0 5 6 1 8 5 3 1 7 0 9 9 7 9 9 6 9 8 0 5 9 0 3 6 2 2 3 3 6 7 6 7 5 2 7 7 8 6 8 2 7 2 4 3 3 6 9 2 7 4 7 6 0 9 8 6 0 3 1 2 8 8 7 3 7 8 7 2 1 3 6 3 4 2 0 9 4 1 3 7 0 1 4 7 5 5 0 8 5 0 9 8 0 1 2 1 7 9 1 3 8 8 2 5 2 3 2 7 4 6 6 6 9 5 3 9 7 5 1 6 5 0 3 0 8 2 0 0 1 1 8 5 9 4 1 8 0 8

200
60 56 32 81 88 93 84 73 55 84 68 54 40 13 94 45 69 55 11 34 25 92 81 38 17 91 40 57 61 71 42 44 46 21 89 56 64 97 90 89 65 19 64 60 86 36 50 70 19 20 35 24 61 54 95 24 91 52 89 79 47 35 98 47 24 40 93 80 28 82 85 13 90 23 13 87 24 58 10 72 70 77 55 13 16 33 51 35 28 98 90 76 51 17 50 34 48 85 13 74 87 44 58 27 18 96 54 84 76 61 45 50 96 71 28 67 69 15 17 79 87 51 75 98 99 92 81 72 14 20 72 85 29 38 22 99 74 67 19 68 94 79 45 42 80 61 36 27 76 30 19 42 43 85 22 35 57 75 53 86 17 14 87 85 97 46 89 47 44 79 77 25 60 96 83 26 95 19 17 35 32 12 27 45 21 82 36 96 24 70 15 92 25 54 60 98 43 63 15 94
60 55 77 23 47 78 19 21 10 58 76 97 83 42 43 74 93 71 88 47 66 78 14 66 22 43 86 19 24 12 49 78 97 94 31 21 51 46 67 18 77 20 54 59 75 22 46 57 33 96 86 98 41 47 83 20 20 22 88 81 17 48 49 66 57 54 77 51 24 63 34 37 73 75 22 34 88 43 89 21 85 43 37 59 49 41 26 95 13 76 74 63 50 61 53 21 24 58 24 78 47 43 52 98 87 69 25 12 19 25 92 36 18 36 56 35 34 52 50 66 26 54 63 97 10 67 20 29 74 31 49 33 58 99 28 67 14 15 24 37 61 83 75 59 59 96 23 30 61 56 28 90 82 11 30 82 93 56 80 47 90 81 42 32 22 42 33 21 26 33 99 65 59 94 37 90 61 43 85 16 71 25 74 57 38 11 38 85 42 24 75 61 71 57 75 78 40 27 55 65

200
113 857 600 525 749 799 285 722 527 858 587 419 232 148 734 503 687 134 154 276 644 768 681 104 647 860 539 983 305 421 539 789 781 145 791 247 120 926 502 775 270 420 116 626 469 258 957 898 388 274 106 724 476 697 947 393 449 344 204 635 346 348 312 790 405 324 984 476 202 430 672 706 527 702 362 789 238 906 898 680 513 967 137 586 658 772 881 747 965 395 121 145 557 504 737 389 241 250 871 864 607 783 643 438 781 172 323 144 455 450 305 859 144 827 527 529 730 448 217 429 297 395 453 991 807 544 608 611 425 770 510 275 949 610 898 959 113 747 704 857 132 374 796 722 877 914 331 133 214 204 148 654 929 774 736 466 972 112 412 347 405 986 995 163 427 325 595 699 657 576 900 534 281 889 409 134 182 320 749 304 834 176 921 328 573 639 697 502 334 882 596 749 861 439 698 486 669 299 554 405
987 209 443 335 230 553 949 136 432 196 189 802 163 891 273 513 794 858 532 928 957 935 183 341 692 133 589 709 365 895 108 519 843 767 373 543 112 932 439 435 689 483 950 238 409 954 546 284 292 962 466 586 323 790 242 788 501 849 827 747 910 346 513 632 502 736 350 915 949 998 789 831 702 912 647 239 734 473 397 865 373 162 498 426 845 570 581 689 191 191 190 526 957 929 137 884 701 732 310 684 196 632 869 478 389 280 381 749 888 631 781 310 390 514 227 603 610 617 413 650 615 277 439 667 457 265 700 443 173 743 981 256 817 617 939 171 341 720 592 698 897 235 334 547 720 656 618 495 801 858 584 754 291 908 401 262 465 101 753 490 481 969 224 646 478 820 905 454 561 143 395 488 113 812 618 511 455 928 449 612 511 413 793 780 515 614 369 235 204 274 460 736 795 567 991 312 208 989 971 364

200
899 542 791 527 317 727 274 640 155 574 630 365 336 895 529 611 408 818 607 141 548 595 595 648 666 848 499 893 588 748 247 774 377 531 950 252 527 299 490 435 188 255 601 460 280 502 569 194 442 502 695 136 234 250 273 818 803 841 510 974 828 241 950 327 504 671 721 246 936 543 826 628 478 565 321 380 834 897 608 481 453 665 298 572 957 384 672 740 433 657 171 567 979 362 278 642 845 977 798 466 971 390 654 863 207 905 672 797 706 777 973 915 535 347 143 245 927 821 428 649 977 999 569 921 369 130 829 654 353 473 133 644 277 737 939 270 806 559 155 360 672 617 191 111 130 385 768 359 802 926 520 477 252 208 738 200 146 147 228 790 563 596 627 919 997 180 651 192 664 568 831 786 745 599 655 836 230 294 385 266 329 200 310 786 560 427 152 739 557 110 401 325 142 610 472 104 405 729 337 768
742 578 409 739 568 892 361 236 459 490 844 464 250 409 950 532 621 189 160 382 693 953 143 379 821 760 363 389 717 667 912 696 642 184 933 579 697 376 626 305 106 981 383 146 245 201 625 477 483 463 362 612 690 201 694 122 273 857 762 405 100 900 604 181 286 314 480 970 129 408 340 618 634 307 135 489 556 910 738 797 720 555 321 848 924 395 696 215 169 912 230 202 324 452 352 407 533 712 395 516 421 272 566 494 410 319 944 368 593 948 366 661 977 962 312 265 886 852 276 788 393 524 594 857 906 426 813 631 311 703 238 694 504 706 645 826 150 565 251 573 315 264 508 619 733 119 732 462 868 268 709 121 123 494 466 357 266 595 715 765 582 476 655 369 500 829 522 341 865 418 267 852 949 464 480 808 368 777 355 118 646 366 409 652 942 310 626 322 819 348 707 519 205 920 668 637 350 683 765 586

200
476 340 836 224 727 902 729 769 946 496 255 958 432 176 325 600 923 660 493 884 369 121 237 395 859 548 985 775 566 150 828 368 195 792 634 810 696 763 963 181 475 876 192 953 573 381 967 819 695 409 328 649 927 171 236 217 813 444 792 602 460 292 692 291 403 258 312 587 756 285 856 588 624 584 724 631 959 178 747 835 662 720 270 518 108 642 931 291 367 689 936 966 492 496 631 946 980 826 550 982 204 698 233 664 111 623 614 928 532 718 179 556 779 527 334 449 540 398 688 196 837 976 422 536 776 576 529 385 669 409 894 344 940 781 597 895 596 459 426 810 753 707 905 746 331 831 469 864 170 953 590 966 803 615 449 382 878 575 919 365 727 360 976 704 814 523 477 855 856 760 976 729 663 876 389 738 313 911 925 323 255 771 568 691 489 890 575 117 484 571 759 566 627 818 141 684 217 271 728 423
347 958 314 596 576 473 415 724 217 923 498 182 635 584 230 852 292 661 407 712 631 817 500 952 335 668 667 809 573 133 939 858 868 319 553 219 133 404 401 591 893 486 107 196 288 346 124 220 337 638 651 960 324 577 185 877 115 599 630 179 127 321 471 386 692 466 294 565 694 498 751 255 352 151 848 244 667 144 680 288 712 153 296 156 583 781 922 995 334 120 571 971 102 376 713 650 204 504 887 298 299 266 793 490 562 708 573 266 970 383 492 895 594 837 903 936 725 672 469 595 480 696 382 637 612 312 848 389 254 648 188 729 721 495 503 924 206 878 312 480 103 762 318 565 871 952 480 730 216 426 446 628 954 645 457 243 161 611 298 253 858 391 895 560 481 504 287 207 769 477 147 173 381 283 716 876 456 211 610 643 371 521 797 223 952 112 617 113 240 339 414 814 562 995 598 922 919 183 656 587
