8

1000
2805 1914 4785 8381 5049 16830 14790 5742 14355 510 1683 363 18513 16269 13005 15895 7395 561 5202 10846 990 6171 8670 16269 726 7803 561 15895 10846 9 6171 2890 4437 16762 22 30 1479 330 510 1683 2890 7803 12342 12342 1870 2610 3190 10846 2295 2958 1089 5742 4335 16762 561 2958 8381 306 1530 13311 561 6171 2805 5610 2958 4785 1683 8670 522 110 8415 1815 1870 1122 1815 1530 5610 153 297 2871 2958 5049 2805 1122 1479 870 16269 255 6171 17545 187 18513 6358 14790 726 16830 16269 8874 867 8415 8874 16269 495 4785 10890 10527 3630 374 986 17545 561 17226 435 17226 16269 8415 8613 45 16830 5610 2970 1815 18 1734 9537 1122 18513 4590 198 16830 6 5610 10285 4930 19074 1870 2871 4437 7395 19074 1566 8874 16269 9570 16269 1485 289 16762 2958 2890 957 1122 2465 3 8874 2871 2610 99 10285 2805 8874 18513 5049 4930 16830 16830 16830 8415 1530 110 174 9570 2465 6 2295 8874 19074 7395 18513 2958 7395 12342 7830 9537 6171 8874 1683 261 330 16830 1683 16269 8415 270 2805 1870 5049 2871 30 3366 765 2871 8415 66 9570 198 10890 522 261 1595 51 16269 5049 1914 2871 7803 87 1089 13311 16762 13005 14790 16269 363 493 1122 493 7395 990 5049 19074 90 14355 102 7395 5445 9537 1914 306 174 19074 1683 8874 561 51 13005 3366 5610 9570 4437 870 561 18513 1122 297 10098 493 4785 8874 5742 16830 16335 10527 4785 2970 8874 3366 1815 16762 15895 3179 16269 374 10098 10527 594 17 7395 16269 561 935 10527 306 8415 522 1 18513 18513 2805 9537 16269 10527 8874 255 9570 290 522 1122 8874 561 2610 10527 1122 957 7395 5049 10098 16269 15 3366 957 4930 10846 110 14790 5049 33 9537 18 2958 2601 4437 174 8874 135 7395 2610 990 16830 19074 1122 5610 17545 15895 3366 8874 10846 726 99 8874 2610 13311 14790 45 11 17 4437 3630 13311 255 578 7395 1914 510 87 8415 16830 9537 22 99 12342 17226 8613 1530 165 11 16269 638 270 33 5610 153 5202 1122 4590 4437 16762 12342 45 255 8613 330 16335 10098 10285 14355 5742 510 297 13005 255 19074 3 13311 16269 66 1870 12342 8613 957 17226 5742 6358 55 22 7395 1530 16269 935 3366 45 261 561 1 1914 16269 110 2871 16830 5610 165 8874 14790 3630 9570 16269 990 8670 986 15 2970 22 17226 16269 7395 1683 561 435 290 867 5202 12342 5742 10285 935 165 10285 10846 14355 918 1914 16269 8381 3366 1122 6 2057 18513 13005 10890 14790 5445 6358 8415 10098 12342 16830 12342 10846 16269 561 5423 990 8415 374 10846 374 16830 16269 16269 33 6171 14790 9537 15 10098 1683 8415 8415 17545 18 10285 9537 1485 765 19074 493 19074 10846 18513 7395 561 1734 5610 8670 1870 6171 561 16269 16269 1595 7018 1122 51 1683 19074 1305 6358 5445 2601 435 12342 55 16269 9570 153 2958 16830 5742 16269 5049 1870 1870 9570 9570 14355 10 9570 2805 5202 3366 3366 374 2610 153 170 7395 5610 3366 1089 1683 5742 5742 13311 1530 6171 5610 5445 17226 5610 1914 2958 45 8415 10527 8874 986 16269 4437 4335 1914 10098 255 8415 7395 66 5445 3366 10098 1595 14355 867 9537 290 12342 1479 495 5610 2871 2601 4437 7395 19074 102 121 102 18513 1914 1530 17545 9537 13005 1683 14790 10890 374 16269 2295 1815 16830 34 7018 935 10846 2465 153 765 16335 17 1815 10846 14790 6171 4785 13311 4437 4437 34 8415 2805 2890 9537 2465 2601 13311 5610 4437 9570 165 8670 4590 1815 255 13005 16269 15895 297 10285 9537 10527 19074 9537 1485 3 594 16269 14790 33 14355 1530 297 1305 8415 765 3366 990 2958 1595 18513 16762 13311 17226 1683 2601 10846 5423 522 5742 5423 45 5202 1683 6 2178 990 153 4437 4335 2871 4437 2890 522 957 2890 99 15895 45 765 605 10890 14355 6 13005 1683 1815 2465 918 242 7395 8670 16269 306 15895 9570 6358 10098 7395 12342 8874 2295 3267 561 493 495 165 19074 10890 6358 10285 3 4437 9537 7018 14355 12342 14355 495 7395 18 9537 51 55 198 990 9 2871 5202 765 10846 495 5610 3630 8874 8874 1683 1870 1566 13005 6358 19074 14355 9537 90 1530 5049 174 9537 2295 8613 16830 5610 5610 7395 1914 15895 16269 1530 9570 45 1122 8613 3366 13311 4437 15606 1914 867 1530 16269 1734 19074 14790 2805 18513 5742 16269 16269 16269 170 99 9570 1914 16335 5742 99 2601 90 18513 8415 510 14355 174 2890 1595 330 15895 3 51 2805 1530 935 8874 16269 1870 14790 867 1530 18513 12342 9537 10285 3 6171 5049 9570 8415 16830 1530 16830 435 1683 14790 2295 8874 1530 7395 14355 2805 1530 9537 153 3366 1479 6171 3366 2805 5445 66 261 10 170 2805 19074 14355 2970 6171 16830 2805 12342 2805 4335 3366 2970 153 16269 16269 16830 5610 1122 435 1683 18513 561 1479 5610 10527 2958 33 4785 5 5202 7018 7395 66 3179 30 935 2465 1734 16830 10890 18513 1479 18513 8381 5610 1122 16830 3366 7830 19074 435 5445 870 8874 3366 5610 9570 9570 2970 1479 4437 19074 306 8670 14790 510 5202 15895 16830 16269 13005 4785 9570 8415 5742 1870 5742 10285 3190 12342 1595 16830 16269 9537 5049 2871 153 2805 7018 1485 2805 99 102 17226 16269 561 9537 16830 187 34 255 12342 17 495 4785 2871 522 2805 5610 6534 8381 16830 19074 2610 16269 1683 13311 3630 5610 66 16830 4930 16269 11 12342 765 14790 1485 5610 5610 19074 306 6171 7395 34 5742 5423 4437 2958 

1000
8835 900 2622 4370 9900 3300 9900 8550 930 8556 2185 5890 330 4950 5890 950 1380 9300 6270 1881 7524 1140 7866 5115 2300 1710 8556 4140 3135 7130 9614 6270 2790 6270 285 4092 8550 8550 4950 5580 6270 7590 5890 6975 4950 6138 8740 4180 4650 8556 8556 2850 1265 1710 465 2850 7590 7866 990 9900 7590 4140 7068 4180 6555 6138 6270 5890 9900 2852 5115 6270 2530 7590 8556 5700 5060 570 2790 1860 6900 7130 7130 7590 8550 8835 7130 2850 6270 2622 4950 3069 5115 6417 1380 9900 5890 5700 9614 2790 7130 5301 7130 6820 9614 5115 6555 9300 1881 5890 6555 6820 9900 6975 4278 8556 7590 5700 1140 5244 4180 9900 3534 4950 9900 5890 6975 6270 6900 4950 6270 9300 4950 5700 6270 3534 4370 5580 8740 9405 345 6270 9614 6325 414 6138 4180 2139 1045 4554 2508 7843 3450 6900 4370 7130 8556 5700 8835 8550 5115 6555 8740 2070 660 1140 6555 5700 5890 6479 7866 9405 5890 3420 6270 4554 8740 5244 1860 660 2356 9300 1980 7590 3450 3410 6270 2790 3534 950 6820 4650 7130 9300 8835 4140 7130 570 7843 2850 2790 5580 6270 7590 8556 1980 6 6270 6270 7866 684 2046 5580 9300 7866 7068 4370 1710 900 4278 3450 6417 9614 9108 9614 4650 7866 4180 6900 6325 9900 8556 3450 3135 5115 1650 3420 8835 465 9108 5580 7130 9300 8525 6555 1425 570 2850 7866 1178 1254 5115 2046 3420 1900 1900 7590 7130 3410 950 1518 4370 1254 9405 2070 5890 6138 9300 4278 1550 1900 3300 6138 8556 7866 7590 9405 6555 2622 660 8835 4370 5890 7866 6270 9614 9614 9614 7866 8740 6417 4278 8835 4275 4180 3534 6555 8740 5225 8525 5115 990 7524 5115 950 6270 5225 4650 4092 2185 7590 7590 4554 5301 8740 2850 2090 1254 6270 660 7130 2070 3069 6820 5244 4275 2790 660 5244 8556 6900 4370 1518 6270 9405 3534 7866 6555 4650 6417 9900 690 8835 660 7866 4650 2046 9900 7590 8835 6479 1311 7130 1980 6138 930 930 4650 6820 558 1254 3534 9300 5890 5175 2790 9614 550 2185 8550 6820 4092 5060 4140 5890 2508 3135 3534 7590 6138 190 7524 9405 3933 3795 5580 132 6900 6555 6270 6270 3300 6417 186 5115 4370 990 6138 2790 4092 9405 7130 8740 6820 9300 7068 8740 6270 4554 825 3450 4092 4092 759 8550 7843 5890 4370 7130 7590 1380 4950 8556 2852 2790 2850 6270 8525 690 7866 3450 30 3300 4275 7590 3410 6820 6555 690 7590 5301 9108 7590 3410 2090 7068 5700 5580 5890 9108 3450 1881 60 5890 4140 6270 110 7866 6270 1140 4650 9405 1140 4950 2508 6325 3036 1380 4554 8556 7866 5060 4278 5115 9900 198 930 6270 6138 4650 1035 4370 5890 9900 6270 930 7068 3410 7590 4278 9900 6975 7590 8556 2325 2790 7843 7590 6820 3420 3300 5301 92 5115 7590 5580 3534 4370 1980 8740 3410 5244 7590 4278 6900 1881 3410 9405 6820 4554 9300 5115 1550 4650 9900 1980 6975 2070 8740 7130 6820 2790 5115 5890 5890 1650 7866 3565 990 825 5115 3100 1705 4950 1650 7068 1140 5225 3036 1710 6270 414 4278 4554 9900 7590 5225 8835 6479 9614 3410 7590 6820 5244 6270 7590 5580 7843 6975 7068 9300 3933 1860 1710 7843 1650 7130 8556 6270 7843 7590 6479 6270 1860 825 7130 3420 2790 2300 6479 7068 1311 5700 330 5890 6325 4370 6138 4180 5890 3300 6555 5890 4950 6417 2508 6975 8835 9405 1725 6270 1518 4180 9300 9108 3036 1140 4370 7590 8556 990 4650 1710 4650 3300 2790 8550 3762 8740 1380 310 7068 4278 3534 4554 6555 2508 5115 4140 4278 6325 6417 6270 7590 5890 570 4140 8556 2070 2790 8556 3450 7590 8740 6479 7130 7590 5890 7590 5700 7130 3534 6270 7068 9300 4650 2850 4370 7590 6479 3410 2790 6900 660 930 5060 6900 1012 2622 9900 228 7068 8835 7590 3762 6270 4554 4370 1140 6270 1710 5244 7590 5700 9300 8550 7130 15 3534 8525 7590 7130 1100 7130 2850 3410 8835 4650 5890 7524 2139 2790 4278 230 506 5890 2790 7130 825 3100 900 6975 6555 4554 5890 3795 9900 8835 2300 5175 2070 950 2090 5700 6479 2790 3036 1140 6270 9614 3762 4092 1550 6138 3534 7590 1900 8835 7590 8835 3933 4650 5580 2277 2070 7590 8835 930 6270 1395 5115 9614 7130 7130 4370 3534 6270 684 6270 3300 1710 7068 4092 5580 4650 6138 5700 7590 4370 5580 3534 8835 6270 8835 2277 5580 1767 5115 7130 8835 9300 3565 6900 330 690 2622 5115 4140 3534 7130 3420 2185 6555 4180 7843 7130 5244 8835 3534 3534 1860 7130 9300 900 2530 7524 2622 930 660 4092 3410 8556 5890 5115 6555 5890 3565 6270 330 2850 6270 5890 2530 450 1035 6270 6820 6900 620 6417 7590 7590 8550 4140 7524 9300 5175 5700 3100 5225 115 1650 7068 8835 7843 7068 3069 4950 6555 6820 4278 4650 7068 4370 4950 7068 7590 1116 5225 5115 3450 4950 5115 7068 9300 828 950 1710 4 1140 9614 2070 3795 3410 345 9300 8835 285 6820 5175 1518 1980 4807 3410 5580 3762 1980 3410 2790 1254 2508 2277 190 930 1425 6270 4180 4278 2850 828 825 8556 4140 6270 2850 9300 828 5890 2300 2622 8556 7130 8835 5580 7590 7130 8556 5060 6555 2090 198 5580 6270 2790 8550 330 2622 7130 2622 5890 9300 3762 2300 100 5244 6270 6270 2530 90 3300 5060 4370 1518 5115 900 4140 5244 5580 6555 4140 7130 2508 4092 330 7130 4278 3300 690 682 4275 2850 9405 1860 2070 8525 5700 7068 2046 6900 930 3450 6325 8556 2090 825 9108 4278 7130 4180 8550 550 759 3100 5115 6900 1035 1116 7590 7590 8550 

1000
150 138 253 195 66 62 230 155 70 210 130 138 230 294 175 70 105 161 299 77 182 195 93 75 155 66 186 154 299 273 154 217 195 130 175 231 186 110 182 245 182 210 217 231 182 154 182 78 130 217 195 231 231 110 66 195 110 77 253 115 299 105 155 273 175 195 130 143 154 115 161 161 138 130 165 273 154 161 286 186 217 150 154 210 77 253 150 155 299 154 110 105 65 110 165 230 230 217 245 155 210 182 130 273 182 161 62 161 66 98 299 182 161 217 98 210 155 110 299 286 294 182 105 182 210 195 217 55 91 155 155 155 186 195 110 210 273 150 186 105 231 273 294 155 273 105 75 210 275 165 182 275 253 78 62 210 155 210 217 210 210 182 138 210 210 98 195 210 138 230 299 165 165 230 165 130 130 130 155 161 299 69 273 186 70 245 75 93 186 105 294 165 150 253 231 161 105 138 253 195 150 161 217 155 273 161 275 155 62 130 154 105 130 62 299 165 286 115 161 130 110 155 210 161 70 210 210 154 273 46 286 182 115 161 65 245 245 195 161 230 210 138 231 110 195 138 115 210 175 175 110 294 175 253 273 165 245 294 130 182 138 147 186 299 150 210 299 155 210 273 210 210 275 154 105 231 105 93 210 186 182 62 299 286 253 110 150 154 210 138 217 195 186 161 105 253 273 195 273 231 230 154 70 245 273 161 70 195 230 150 217 230 138 230 78 217 150 110 115 150 130 130 165 161 273 299 210 245 175 210 42 231 110 217 186 217 130 130 230 230 195 62 273 195 210 231 115 210 165 105 70 175 150 154 62 154 186 273 154 66 210 253 93 273 175 217 155 155 105 273 273 155 70 161 110 154 210 245 230 155 294 231 217 210 91 245 299 195 155 155 115 195 155 155 286 165 161 154 299 70 138 210 165 143 182 70 210 299 182 286 231 150 155 231 155 155 78 155 161 155 294 217 154 210 230 154 154 231 273 210 299 161 275 175 273 217 155 62 93 273 105 210 245 230 230 210 273 210 78 299 217 154 299 154 299 154 253 155 65 231 210 230 78 110 299 105 165 253 161 217 230 161 77 130 161 217 299 155 245 245 230 70 231 155 154 78 98 210 110 91 210 182 245 299 210 75 275 217 217 78 110 182 286 110 110 245 245 130 154 155 275 154 143 286 230 210 182 175 210 110 299 130 115 165 186 210 186 182 186 186 286 182 165 210 77 210 154 275 154 161 275 161 210 294 161 253 217 230 299 210 115 70 286 115 182 195 253 299 253 182 182 110 210 161 70 217 217 275 210 275 253 286 155 286 273 143 78 110 275 75 155 115 175 138 155 161 110 299 210 186 253 175 286 161 175 147 138 217 210 182 105 150 93 165 275 294 70 253 165 273 154 115 195 154 115 195 55 195 231 210 210 299 210 210 217 105 110 210 210 217 155 186 150 77 294 273 273 150 299 65 230 245 150 161 186 294 62 245 62 230 217 286 195 217 195 154 161 273 70 70 130 273 217 161 175 195 182 294 155 210 210 210 195 245 66 154 175 93 175 217 175 230 273 273 130 195 230 231 217 182 150 155 186 231 138 273 155 217 210 186 217 275 210 210 186 230 77 186 195 155 105 230 138 105 115 165 231 273 69 155 253 165 230 299 210 210 217 195 210 165 186 155 182 294 115 210 253 217 299 230 294 161 210 186 165 245 273 182 130 161 155 155 253 210 155 273 231 175 165 210 182 273 210 165 294 195 217 147 161 66 273 217 154 195 294 182 165 155 230 275 230 230 110 230 186 286 231 93 195 115 210 186 210 294 217 182 154 70 210 161 138 138 93 130 182 210 154 273 155 161 161 150 253 110 210 299 130 195 245 217 186 66 115 186 186 154 273 143 138 182 231 273 286 182 195 155 165 186 195 286 210 231 115 217 210 154 165 273 155 62 230 210 105 182 186 217 217 230 161 210 195 98 230 210 78 245 231 231 93 210 138 294 217 230 110 230 195 155 273 230 161 138 70 130 210 210 138 186 210 143 165 161 195 161 155 195 217 93 230 78 75 138 186 91 165 154 195 130 161 273 110 110 231 66 110 217 130 165 175 231 154 175 210 273 130 253 230 217 217 78 175 210 273 217 155 154 210 182 138 165 195 78 155 70 231 286 161 210 143 217 182 70 62 50 62 105 115 70 275 186 210 105 70 195 217 110 245 70 230 273 50 286 150 138 217 155 230 62 294 245 217 175 161 91 130 230 210 245 186 130 230 182 154 210 210 231 186 195 175 253 

1000
52 36 39 45 36 31 38 33 30 30 31 18 30 38 30 38 52 39 20 38 55 55 31 30 38 46 38 36 38 36 52 46 52 46 30 55 38 45 36 36 31 46 52 36 30 30 39 31 33 30 33 30 38 30 38 46 36 44 52 36 44 31 46 52 44 18 46 38 39 52 46 31 39 39 36 30 55 30 39 31 46 31 30 39 55 36 30 30 38 46 38 38 39 36 52 36 30 20 30 52 46 45 45 33 31 36 44 46 44 30 46 44 30 30 36 46 36 30 44 36 31 36 55 39 52 44 46 52 30 30 39 46 55 31 46 39 36 52 38 33 31 31 31 52 38 33 55 36 31 30 31 46 52 30 38 20 30 46 38 45 31 30 38 31 38 52 30 39 31 52 36 38 52 39 33 44 52 33 38 52 44 38 52 30 20 33 30 45 36 52 52 52 20 45 38 38 31 45 46 36 52 46 44 31 20 38 30 46 38 45 39 20 39 31 55 46 33 36 46 36 31 55 52 46 20 38 39 39 33 26 33 33 36 30 38 44 44 30 31 38 46 31 31 46 36 30 46 36 20 45 38 30 44 36 33 46 46 30 52 45 31 30 55 38 44 36 20 38 38 39 33 20 38 30 38 38 52 33 46 31 45 46 33 38 45 46 55 20 46 38 31 44 33 30 31 46 38 55 36 33 36 30 33 36 30 31 39 20 46 30 44 52 31 46 31 46 30 30 44 38 38 45 33 22 36 30 30 33 55 52 31 44 30 22 30 46 26 38 20 45 20 36 38 36 45 46 30 30 33 33 39 33 30 46 38 30 52 55 39 46 52 38 33 33 26 44 36 30 55 33 46 31 30 30 46 38 36 31 31 20 44 30 30 46 36 38 31 30 39 36 18 20 30 33 38 36 20 18 52 30 46 30 52 39 36 45 38 39 38 46 30 33 52 52 52 36 33 31 31 52 36 36 31 30 46 36 30 52 30 20 36 44 30 31 52 39 38 39 46 20 36 44 46 46 33 33 55 45 46 39 30 30 33 30 30 46 33 18 38 46 31 39 30 39 38 30 55 55 39 52 55 33 38 33 39 31 30 46 45 38 45 33 52 38 30 30 30 39 31 46 52 33 36 36 33 46 45 33 38 44 31 39 46 36 30 33 36 33 33 39 38 31 36 52 46 46 31 52 36 55 31 36 52 26 38 52 33 31 33 39 33 36 31 36 38 39 52 38 30 46 52 39 38 55 20 20 44 38 30 31 33 36 31 38 31 33 46 55 30 46 30 30 44 52 33 33 31 39 33 38 20 55 30 36 39 46 44 46 31 45 46 55 30 38 38 38 36 31 33 36 18 31 39 52 39 20 38 44 38 31 38 45 33 55 45 31 30 30 30 30 52 31 33 46 45 36 46 45 30 36 36 55 38 33 38 30 52 30 46 44 31 33 52 30 38 46 31 30 46 30 46 33 36 44 55 46 38 20 39 31 20 52 18 39 30 36 12 46 38 52 36 33 38 33 33 46 38 31 38 20 38 36 55 30 38 33 46 44 39 36 39 44 30 20 31 31 38 44 39 46 39 22 30 30 38 44 38 33 44 30 52 52 31 38 31 46 36 46 46 45 30 46 45 31 30 36 33 55 33 46 30 30 39 30 36 33 36 38 39 31 20 30 30 46 52 46 20 22 33 38 39 38 39 46 36 33 44 45 31 31 20 46 31 45 39 39 31 46 39 31 46 33 44 36 44 45 55 36 33 30 36 30 20 52 45 46 45 33 44 46 30 30 38 38 45 31 38 38 30 38 33 38 31 31 31 30 38 46 52 30 52 39 52 38 38 44 36 38 31 22 12 39 46 39 52 38 33 52 52 52 45 36 31 19 31 46 46 46 38 22 46 36 30 26 33 31 46 39 38 30 52 38 30 46 46 45 31 52 33 38 36 30 46 44 33 30 36 46 55 30 31 39 46 38 12 31 31 55 46 46 38 44 45 30 31 33 52 38 30 46 38 31 33 46 55 55 30 46 39 38 52 33 31 33 36 36 52 20 46 39 31 55 46 33 33 55 55 36 46 55 46 46 46 30 46 46 38 39 39 31 33 36 36 30 31 52 30 44 39 45 46 52 44 52 33 38 38 20 38 44 36 46 39 44 39 46 46 30 45 30 46 36 30 38 46 46 20 31 46 44 31 44 46 38 39 30 46 39 39 26 45 30 30 36 36 38 46 38 44 38 36 45 44 36 45 39 39 39 31 33 46 30 38 39 38 38 31 30 31 38 

1000
87 116 98 72 126 126 84 108 108 72 123 123 72 72 126 116 84 84 126 87 116 84 84 84 116 98 87 124 124 87 147 124 82 126 116 126 124 108 126 123 84 126 124 108 82 126 87 124 93 123 126 87 84 93 126 72 126 98 124 126 124 98 72 116 84 123 93 126 126 93 84 82 87 108 116 82 84 126 56 116 126 126 126 93 123 123 126 123 124 123 93 93 123 72 93 126 126 123 126 84 126 87 84 124 126 123 84 116 84 82 87 72 84 82 126 84 126 108 98 147 87 87 98 126 82 124 123 108 84 56 147 116 84 108 72 126 84 84 87 72 84 123 126 93 123 84 84 116 84 126 98 124 93 124 124 126 84 82 126 93 124 126 108 124 56 126 84 93 72 84 87 82 116 124 84 87 84 116 84 84 147 84 124 124 124 126 126 116 123 116 124 72 93 126 147 126 93 123 116 123 123 126 84 126 116 98 93 84 98 116 84 82 124 126 87 82 98 108 108 147 123 84 93 126 72 84 56 126 82 124 84 116 84 116 123 56 82 87 82 84 98 124 82 98 93 87 108 84 126 123 72 82 123 84 87 72 123 123 84 84 126 123 108 147 126 108 82 126 124 98 116 116 126 84 123 82 108 124 123 84 108 93 126 84 126 116 124 108 98 116 147 116 72 126 108 82 126 126 108 126 116 72 124 124 87 116 84 72 123 84 108 147 82 82 82 108 126 84 72 84 84 84 84 82 84 126 82 126 87 98 84 87 123 108 84 93 116 87 98 123 124 126 124 82 126 126 116 108 126 56 84 126 72 126 126 124 84 84 84 124 84 124 124 93 126 84 124 116 84 93 84 87 84 84 98 87 56 98 82 87 84 84 116 84 72 126 147 87 123 98 72 84 126 72 98 108 116 84 126 93 93 72 84 87 82 126 87 56 126 87 84 116 98 84 84 84 72 98 98 72 123 84 84 84 84 108 123 87 124 123 87 126 87 147 123 84 84 108 84 124 93 123 126 126 126 126 98 116 72 84 108 98 84 126 123 126 84 124 126 84 116 108 84 124 147 147 124 82 87 84 147 126 84 124 84 123 123 126 126 126 147 126 87 84 84 93 82 126 124 87 123 84 84 98 84 126 84 126 126 93 123 108 82 108 82 123 116 82 126 126 123 72 116 72 126 84 84 87 87 116 108 72 126 108 116 93 84 56 123 84 126 84 82 56 126 87 82 116 72 124 84 84 123 124 126 87 84 126 72 72 126 108 116 98 147 123 72 93 123 82 84 126 116 147 72 108 93 93 72 126 123 123 124 84 82 116 126 72 84 116 87 126 93 116 126 93 124 84 126 126 82 108 84 98 123 123 72 147 87 56 124 147 116 147 84 116 123 108 84 82 126 126 108 116 116 84 126 124 126 147 123 87 123 82 123 147 98 82 124 87 82 84 72 126 84 72 84 82 116 93 126 116 116 98 93 87 123 84 82 84 87 93 108 84 98 93 123 126 123 126 84 93 126 126 82 124 126 93 126 82 87 82 126 108 116 84 124 116 93 126 124 108 84 84 116 124 116 124 123 82 123 87 126 82 98 82 84 93 82 126 82 84 126 82 108 147 126 87 124 72 126 84 82 126 87 72 84 82 123 126 116 126 84 126 72 147 84 116 84 87 126 84 72 84 147 108 126 108 93 84 116 124 82 124 56 147 87 124 126 98 82 116 84 93 147 123 82 72 126 72 123 98 126 84 98 108 84 84 87 116 116 124 82 126 126 84 84 126 124 93 126 124 116 124 87 84 98 126 87 147 84 84 123 84 124 84 126 72 98 116 126 82 56 123 147 126 82 124 98 126 93 87 126 98 126 87 98 147 87 116 108 84 126 93 116 126 82 93 84 87 123 87 116 84 116 84 126 84 126 84 84 108 72 87 124 98 84 108 82 72 108 116 87 124 124 87 126 126 126 147 72 108 84 93 98 126 84 126 84 84 84 84 87 124 84 126 87 126 82 123 116 126 93 82 126 84 87 123 82 116 126 126 84 123 93 126 147 93 116 123 108 116 123 126 124 84 108 84 126 84 126 126 123 123 87 84 82 124 84 108 124 84 126 123 108 126 98 126 84 98 84 87 126 126 124 87 126 147 126 126 108 93 126 126 98 147 84 126 116 84 93 147 98 72 126 93 123 126 116 93 123 84 72 93 126 108 87 123 87 123 147 82 126 116 123 123 72 123 93 84 82 82 147 126 72 108 84 126 147 82 56 126 72 98 87 116 82 108 84 72 

1000
51 30 26 52 26 13 30 35 35 26 28 42 39 42 34 52 12 39 52 26 52 42 39 38 35 34 52 50 52 49 38 42 28 49 35 52 28 26 28 34 38 35 26 39 19 19 35 28 35 49 38 14 42 39 26 35 30 25 35 50 34 13 14 26 35 39 13 12 30 38 50 34 19 52 12 38 38 38 12 38 26 26 26 52 35 30 14 38 39 38 38 17 13 42 39 30 42 26 52 35 26 42 26 26 34 39 28 25 42 15 39 52 35 13 14 35 50 38 39 35 35 26 28 26 34 30 42 26 20 13 35 34 19 35 52 42 26 35 39 38 26 15 30 42 28 52 30 39 52 34 35 38 20 20 35 34 34 42 50 38 38 52 28 20 10 30 30 38 51 42 15 13 25 39 38 42 52 38 10 52 34 35 52 30 19 38 39 51 52 50 28 39 34 42 50 34 35 28 42 35 13 35 35 51 51 52 52 35 38 35 14 17 38 49 30 15 28 39 52 49 49 19 34 35 28 38 14 35 51 28 26 25 50 26 49 39 39 42 52 35 39 30 38 42 30 28 50 38 50 30 30 39 39 28 39 38 26 52 38 26 14 50 34 26 38 42 35 42 34 35 30 39 50 39 39 14 42 30 52 50 52 28 34 42 50 28 50 50 35 13 50 35 26 52 30 39 26 28 38 52 39 52 28 15 12 42 20 52 28 42 34 50 26 30 10 26 35 35 51 21 51 19 52 39 42 42 35 51 26 35 30 50 26 39 28 42 51 35 10 52 39 30 14 49 30 26 26 52 35 10 26 34 50 42 52 52 35 19 28 20 49 42 35 51 52 42 26 26 42 35 35 51 42 52 35 34 35 35 50 52 35 38 52 20 50 35 35 35 26 52 52 20 21 50 34 34 39 51 26 35 38 34 14 34 52 34 42 39 35 35 34 52 35 42 34 35 42 39 42 26 49 26 42 14 50 35 28 51 38 19 35 50 51 28 39 50 39 42 38 30 42 38 30 42 28 30 28 30 39 34 26 52 34 35 34 28 26 39 35 28 26 30 30 35 35 39 39 17 38 26 30 52 52 28 38 52 26 38 39 26 30 39 38 49 30 25 28 26 42 30 30 50 28 38 38 34 26 25 51 50 30 12 42 52 26 30 30 34 34 42 52 30 52 38 12 30 30 35 35 12 39 42 34 35 34 50 14 28 51 35 30 20 28 49 35 30 51 38 35 51 51 26 35 30 38 50 13 52 42 35 49 26 17 30 28 19 52 51 49 50 42 38 26 52 39 52 34 28 42 38 39 51 52 52 35 51 50 19 52 35 26 52 30 12 51 50 26 52 35 38 28 28 20 30 39 20 52 38 20 38 49 38 35 52 10 38 52 14 35 26 39 28 35 26 52 35 35 39 42 26 39 52 34 42 42 39 51 26 38 42 51 38 34 25 39 30 34 34 42 39 30 52 52 30 25 21 34 49 26 20 51 50 52 35 21 39 38 42 50 26 49 26 30 34 50 19 30 34 30 42 52 42 39 42 30 34 35 51 35 39 35 52 38 50 34 34 52 30 38 19 35 38 39 50 12 20 35 21 42 35 38 19 38 38 42 34 49 30 17 52 35 19 35 35 28 38 38 15 35 52 50 21 26 20 52 26 39 39 42 35 38 30 34 14 30 30 26 34 35 35 14 38 28 15 39 51 42 25 38 51 35 42 26 49 51 26 50 42 52 50 34 51 19 35 42 51 42 30 30 13 26 20 28 26 42 42 35 34 26 35 15 35 42 38 52 20 42 51 52 42 38 52 39 52 35 30 26 35 30 35 51 35 42 52 50 38 26 51 49 30 52 42 50 38 51 26 34 28 52 10 35 34 38 30 39 39 50 28 39 52 35 39 39 26 42 35 38 50 35 50 50 28 38 28 35 35 12 25 35 14 38 42 26 35 39 38 20 35 34 50 35 28 52 49 52 49 35 34 38 28 34 26 34 15 42 21 34 20 20 30 50 30 34 42 52 35 35 14 51 42 34 26 26 14 34 49 30 30 50 20 38 35 34 42 21 35 35 42 35 34 42 14 38 42 34 26 35 51 49 13 15 26 42 30 34 35 39 26 42 30 14 21 38 42 20 49 39 51 34 30 38 34 38 50 20 34 28 42 34 38 50 38 26 35 34 42 51 14 39 42 28 30 30 50 42 21 52 30 35 38 28 35 14 39 30 39 30 42 30 52 20 30 50 19 51 26 49 30 30 30 34 34 26 26 51 50 39 34 38 20 

1000
35 21 21 23 35 33 18 30 14 33 30 23 21 30 21 23 33 22 31 30 14 14 18 26 21 26 31 26 14 21 14 35 21 26 35 14 21 26 33 31 18 21 18 26 26 21 31 33 30 35 26 26 31 18 30 14 33 35 21 35 22 21 35 30 35 23 33 31 23 21 23 30 30 18 23 31 33 26 33 31 26 21 18 18 23 33 18 21 31 35 35 23 26 35 23 35 33 21 30 26 33 21 14 14 33 23 30 21 26 30 18 33 33 30 31 21 30 26 14 21 35 35 23 30 21 21 21 26 31 13 30 26 14 35 22 21 23 30 18 26 18 18 14 33 23 14 21 18 30 30 31 22 31 30 33 23 21 26 22 33 31 26 21 35 33 23 14 31 22 33 18 31 26 21 30 23 30 30 33 21 31 14 30 26 31 21 26 21 33 22 31 21 33 33 33 21 14 31 18 35 21 31 30 30 14 33 30 31 14 14 18 35 35 14 14 26 33 35 31 26 22 21 18 35 18 22 30 30 21 26 18 35 18 30 30 35 31 30 26 30 14 31 33 30 26 21 31 31 21 23 26 35 31 31 26 21 23 30 23 26 31 21 33 30 23 23 30 26 23 26 30 33 35 30 14 23 21 33 23 18 30 22 33 23 21 23 30 35 33 21 22 30 21 23 21 26 22 26 31 33 31 18 22 31 21 26 18 23 22 31 33 21 33 22 18 31 26 30 30 21 35 31 14 23 31 33 30 30 21 22 14 21 33 26 21 18 26 31 31 23 35 35 18 33 31 26 23 18 21 14 23 23 18 23 21 23 30 21 30 21 23 23 35 26 35 21 26 35 14 26 31 18 21 35 35 26 35 26 30 23 30 21 31 30 35 21 26 30 22 23 35 35 35 23 35 26 22 18 30 30 33 21 26 26 23 26 21 31 31 21 21 26 21 26 30 30 14 14 21 26 30 33 23 22 26 35 18 21 35 31 33 14 35 31 23 21 35 35 33 21 30 30 26 35 18 23 33 33 18 30 26 18 31 31 35 23 21 18 31 33 30 22 18 21 30 31 35 31 23 33 26 35 14 26 26 18 30 23 21 30 21 26 22 14 35 30 14 21 33 35 21 31 26 33 30 33 26 18 18 26 23 30 30 30 23 18 30 30 14 31 30 30 21 18 30 30 30 35 33 30 33 21 30 26 30 33 26 31 14 30 14 21 31 30 22 23 31 26 21 30 18 30 26 31 31 21 21 33 14 14 21 21 26 21 35 31 26 23 23 26 23 35 22 30 30 30 26 21 30 26 21 9 23 35 31 23 30 18 33 30 30 14 35 14 35 21 18 23 35 33 23 33 33 18 21 26 35 30 18 33 31 21 33 21 26 21 33 14 18 30 23 35 21 22 31 30 14 31 14 33 14 23 21 14 33 18 14 31 30 21 35 26 22 26 30 26 33 22 22 18 18 26 35 30 23 18 22 18 14 35 33 9 35 23 35 26 21 21 26 9 14 26 31 22 18 26 31 30 31 21 30 21 21 30 35 21 30 22 18 21 26 23 18 33 30 21 14 21 30 23 31 26 18 22 26 23 33 26 14 21 33 21 21 30 35 23 26 31 14 26 14 35 22 30 23 33 35 30 23 26 35 30 30 18 21 33 23 30 31 23 26 33 31 18 30 26 21 31 18 35 14 31 23 14 23 31 33 18 26 23 30 26 31 26 18 30 21 21 33 31 26 21 23 23 14 35 21 23 33 21 14 30 35 21 26 22 26 30 18 26 26 22 23 26 21 31 33 21 22 14 30 35 14 30 31 26 35 33 30 21 21 21 18 21 35 30 30 31 26 30 21 21 21 30 30 30 14 14 30 30 18 31 18 26 26 18 30 14 26 31 21 21 21 23 33 14 35 21 33 26 30 18 26 31 33 22 21 22 21 30 21 26 23 30 14 14 33 23 35 30 22 33 30 21 21 33 14 21 26 21 35 26 21 26 33 35 23 26 35 31 35 30 33 30 14 30 30 35 23 30 21 26 14 18 18 33 23 14 33 35 31 30 22 26 14 26 33 21 26 33 33 33 21 30 21 21 21 21 26 23 14 33 31 26 26 30 26 14 21 14 30 26 35 31 21 31 35 33 31 14 26 30 35 35 14 26 14 35 35 26 23 33 31 22 23 31 23 33 33 18 18 31 33 22 35 18 31 30 35 30 31 35 18 35 30 22 30 21 30 26 31 21 22 26 30 30 14 33 22 22 35 26 35 21 21 26 31 14 26 14 

1000
138 315 189 207 207 306 299 325 126 234 230 238 207 207 234 243 243 255 306 273 150 126 306 273 315 270 315 315 270 270 221 306 234 315 315 130 230 234 126 207 270 255 315 153 138 210 306 238 195 270 234 306 234 225 162 170 221 230 195 170 126 322 306 270 195 126 306 306 210 189 306 225 234 255 170 138 234 150 306 210 306 234 162 225 126 207 270 195 230 234 270 270 207 270 230 270 207 299 270 195 225 306 238 138 273 195 306 306 130 315 315 162 273 189 126 322 115 255 273 207 270 234 270 207 306 189 273 270 162 255 270 230 207 255 230 170 207 230 225 273 306 138 221 189 255 270 189 135 273 207 126 273 306 234 221 195 306 230 306 126 210 306 117 306 315 207 195 135 270 207 234 255 270 306 306 207 270 238 306 315 255 130 230 315 195 270 207 234 207 210 270 273 243 322 306 225 273 138 234 225 207 221 195 126 207 270 207 230 306 207 207 126 207 306 207 230 270 195 315 189 255 315 255 225 270 210 273 150 270 315 162 210 189 315 207 315 270 306 195 207 306 210 315 195 234 195 270 221 195 195 138 234 207 130 306 210 126 270 322 270 306 189 315 273 273 270 230 162 238 315 207 270 255 234 325 315 207 255 126 234 270 195 270 270 322 189 315 150 117 195 315 207 162 315 195 273 162 210 270 210 175 255 210 189 225 230 225 195 126 255 138 270 230 270 221 306 322 230 207 225 306 273 255 234 138 322 273 126 234 255 207 270 117 299 225 195 210 138 162 135 234 234 273 189 138 270 325 162 234 162 255 255 138 234 315 273 234 150 306 221 126 270 234 207 162 299 207 207 315 255 234 138 230 210 195 207 270 322 255 126 315 207 130 306 306 270 195 315 306 138 234 255 243 230 306 150 306 117 270 138 234 315 195 234 221 270 230 273 315 234 315 255 238 175 270 315 325 189 270 207 270 325 306 306 270 315 162 210 234 234 315 195 138 170 270 207 195 135 255 270 195 225 138 255 255 126 234 126 315 238 273 306 299 270 273 189 210 207 299 210 270 270 315 230 306 270 230 207 255 270 182 299 230 135 150 306 189 225 207 270 315 270 225 234 195 195 270 234 207 255 315 270 135 255 270 195 273 322 273 255 138 270 189 238 273 225 234 270 195 189 306 210 195 306 234 306 195 255 189 315 225 255 189 299 138 273 270 243 255 270 189 207 170 162 234 138 189 270 175 207 207 255 306 210 195 230 270 234 270 322 162 270 325 207 306 234 238 126 299 270 306 225 207 207 210 207 238 315 195 234 270 255 315 150 270 238 270 273 299 270 270 238 315 135 315 234 207 306 189 270 306 315 138 230 195 306 135 210 306 315 234 230 270 189 225 255 315 234 189 207 306 306 207 234 126 273 138 130 315 119 238 210 315 299 273 225 306 195 315 255 126 130 270 270 195 195 234 175 255 255 225 270 315 270 170 162 306 270 230 299 234 207 138 138 130 270 255 225 234 195 315 117 270 270 207 234 270 255 234 255 207 225 270 270 225 225 255 306 162 255 234 306 195 270 230 221 207 234 270 207 315 306 270 138 153 255 189 315 195 270 306 126 234 195 225 162 306 315 270 270 138 238 270 238 225 306 315 306 255 234 234 270 225 195 195 315 234 150 195 306 138 207 234 315 270 306 162 270 175 195 225 322 230 189 138 306 270 117 150 162 230 234 195 306 230 306 230 234 189 207 195 255 255 306 210 234 225 306 207 126 195 195 138 273 195 207 315 230 270 150 306 238 221 189 189 162 138 230 210 270 182 255 255 306 207 255 207 189 225 195 170 207 273 138 153 221 315 195 117 306 270 138 315 273 126 238 162 299 225 255 306 306 234 255 230 207 243 207 207 315 207 162 207 234 299 210 138 207 270 150 207 315 153 270 270 270 126 210 306 315 234 230 270 306 306 306 234 189 195 273 175 270 207 322 243 210 234 270 255 270 234 115 207 270 170 225 207 225 255 315 210 270 207 234 270 315 225 138 225 273 150 153 299 225 162 315 270 162 234 207 270 195 207 225 207 306 195 273 182 130 270 238 234 306 225 207 162 325 225 255 195 270 153 270 138 230 270 234 270 255 189 153 255 207 270 322 130 234 225 270 195 234 207 270 138 234 162 315 234 210 150 306 234 234 315 130 195 207 130 270 306 207 210 130 207 322 255 255 299 189 306 207 189 234 255 230 270 315 270 234 315 299 230 234 210 322 126 162 322 255 207 207 306 234 207 126 322 175 234 234 
