10

500 2
5989 5713 3107 4570 6953 3942 995 8241 1683 2442 7985 5755 4238 78 7950 2794 6380 6125 1945 6868 8052 522 3690 6043 5187 6349 970 7133 1478 8811 8188 2636 4894 52 8579 7392 6762 5199 210 3538 3934 7572 3500 6322 1395 9647 1735 2940 7396 9048 9766 2328 6490 6198 2242 5607 90 4137 1150 5925 3318 1339 9594 7888 4625 5989 7131 2553 3615 177 2886 8057 5955 4035 4198 206 62 1543 6313 4185 9459 8573 8080 4795 2797 1578 3955 9150 6073 918 8331 4601 2284 1808 3585 5651 7173 3182 9603 4118 9857 4932 3525 5484 2239 5183 5197 7936 8318 620 2385 8307 916 8225 2708 196 4131 1384 8 1318 7834 2135 170 946 3255 1132 1689 5306 2256 4164 9115 7888 9754 8487 5299 1526 1923 6531 9043 6553 6173 9499 1091 8629 32 9373 263 8099 4583 2054 2906 8588 9737 856 9717 8766 3005 2094 5463 3717 9202 7975 690 4272 6178 5156 3368 9360 6985 97 1514 9545 1368 1520 4042 5135 7456 9537 6914 9412 3211 4073 527 5273 3876 376 4963 6159 4390 4773 6291 4010 3970 9667 9572 7385 2082 3690 9580 9998 4327 3474 7039 8133 9820 9727 5127 1399 1649 3552 9770 7129 2619 5832 4230 9355 9678 8940 9146 7540 2196 2935 5327 7153 1631 8177 2930 6391 5746 307 3882 2713 2510 8207 7313 9246 899 3282 5125 2131 304 6532 2604 9920 1427 3501 5930 404 7828 5950 856 1262 6270 1945 924 9882 5115 4774 2984 214 6203 514 5549 335 6427 225 3736 6670 2668 711 6764 1515 1314 6135 3518 5107 3836 4515 1006 2123 5531 4170 6156 6466 5172 5712 444 15 2287 326 1340 8910 7347 5314 6953 3376 7815 1337 4569 7353 6420 8095 3903 3845 3025 3941 4358 7291 90 3420 6307 8686 17 2985 480 9238 8766 763 5987 1751 7444 7847 9918 7556 5913 9190 2856 5724 5861 7491 6722 7221 3493 3433 6774 3475 9609 4189 9679 6090 3936 87 1713 3228 7877 4174 6082 4155 3888 5804 4840 8543 2695 1889 6179 4877 5742 7168 5171 4277 8968 1422 6452 4943 8119 7599 2094 4116 68 8434 1979 245 6591 5288 8049 644 3518 4696 7237 943 2015 5133 9373 5206 7922 215 1545 5863 2094 138 6191 5009 6337 121 1734 6582 2780 1516 7568 6850 8591 2061 3618 5961 3706 1701 2354 1126 3672 7014 88 6242 3465 9517 5706 502 7612 7184 7811 2320 9414 7620 9956 7559 9049 5251 4177 2161 5737 8041 7658 6514 1604 4232 1420 2176 8149 9964 9558 6441 4672 4947 564 6145 4673 2992 5043 7198 828 4161 7608 8056 9600 1409 9402 8683 607 7039 7482 5163 4557 9209 8721 6961 4116 34 1010 4455 7222 4265 1870 8977 2571 2249 7806 8439 8358 7491 9225 2600 2303 7360 1953 6118 9200 6775 4025 5069 8925 190 8718 5334 5873 364 6313 4570 1928 7034 5574 4388 
4038 8858 4012 3003 9218 3671 6332 7536 6471 8654 5010 3268 6281 6579 6866 47 8150 9802 3511 2197 4638 8700 5346 4142 4135 5644 6951 8547 969 4031 6599 8026 8775 4298 3827 5495 4809 9589 245 9856 7296 285 5553 6625 4454 1983 7995 3453 2286 7783 3775 7917 3454 1050 6614 9815 213 5657 5829 7342 2994 7649 2523 9951 4936 997 5128 5710 9064 6090 3247 5272 2998 5442 1825 1553 7355 4979 2986 11 3225 8746 3889 7849 4462 672 7078 8637 3754 8366 9077 7559 2256 5503 2792 1692 7036 6523 5435 2580 2448 9731 4800 5082 2452 3977 5822 5218 7373 3533 649 5207 8358 4679 4419 6375 8791 5136 1045 2212 3020 5505 364 1417 428 5115 7668 9910 8209 2393 4321 7185 436 1952 6712 1732 9770 9277 400 5507 6070 2941 1913 192 7273 4332 5363 7470 1479 7550 4670 5071 7902 108 9139 6500 8679 8150 5849 8906 3578 217 9039 844 9478 245 4494 6394 1316 9599 131 2545 9597 5220 9957 6809 8968 4938 5587 8715 8842 1631 3713 5222 8223 8092 4900 8050 2223 5852 6776 5993 4551 6910 4153 8989 8675 5536 1611 1315 8381 3374 7335 9879 8787 7069 4585 1174 42 1702 3382 9857 7823 5839 245 3653 586 3790 917 1771 9977 7159 6944 9789 8486 3614 6944 2240 33 2508 115 3250 9438 6106 852 6698 9156 2941 2310 8328 2635 1195 223 6563 618 5854 1066 8610 8755 9634 9779 2198 8520 1875 7934 7776 3222 7333 8338 385 9495 7502 7695 8853 3278 7044 5860 3584 5635 6818 7061 3503 8420 8726 6405 3956 7534 828 4325 452 6674 5388 226 1545 1176 3783 4929 8841 2815 8319 232 5652 8120 1849 3557 3433 7769 513 4826 7975 9595 6025 5363 1177 5539 3875 189 8619 2726 5777 4797 7153 7309 9431 589 5293 2226 3676 7560 5924 3923 7297 4395 7352 5478 6036 3477 7872 4866 3420 3073 9017 6431 8330 732 2616 4661 8386 7327 5859 9880 1943 8031 5779 508 4065 5964 5768 7988 2895 9824 7744 7065 3073 1532 8088 8209 9655 9027 1436 7848 3092 9461 5373 1191 418 1976 7933 8247 8995 6977 1504 7624 6809 857 2876 3091 7696 1859 4550 3606 2101 7435 7628 6156 3015 9943 3144 5336 5681 6952 3832 2207 5328 9495 4175 9299 9949 7328 3517 6270 7132 5967 20 7624 7220 578 1425 7041 3779 1768 3762 6294 3853 4829 7724 3188 7525 8644 7435 397 175 2405 7480 2862 1374 3917 7769 9490 6299 9978 5165 8413 219 2791 5419 1899 8254 1067 8163 6624 6292 311 1797 6963 9093 570 5828 2543 3655 6170 2137 4228 517 9211 3472 9462 8666 2136 562 1365 8178 2554 2448 9663 9542 5442 4264 8417 6969 1789 476 6280 5448 1296 5001 5061 6844 9697 3193 2357 5094 9086 8684 2974 9776 1487 9296 2172 274 9137 2899 3924 1597 4479 6001 1032 582 5266 1109 

1000 2
5502 4556 9433 563 7895 4860 7600 8653 8631 4265 2685 4818 8239 7746 4519 1674 1236 1874 5432 6323 6756 7114 3642 533 3325 4214 7549 3197 8424 1814 4423 4322 2370 588 3816 7294 8903 6696 8803 3369 2833 640 3169 5055 8647 2888 8027 2550 4198 60 2072 1264 77 3342 8284 6206 8831 8410 5775 7872 1082 1679 3691 6263 6420 3348 6357 5395 2171 1707 7385 7864 9616 6596 3401 4832 5603 9043 4219 4685 3965 8051 4702 8887 4841 6035 3870 5699 4486 2106 4512 865 5438 5593 6103 8003 3475 9621 3403 4274 5785 2755 7349 5058 8435 6997 7077 5891 2978 8235 9546 537 3865 2743 8220 3285 5237 7140 1955 4613 9970 3625 3117 399 366 3879 833 2345 6817 9096 2705 456 7231 4565 5511 6805 3406 6128 9056 7847 1932 2569 5467 7824 9918 6812 4750 6279 9750 6774 6191 9048 5012 4958 4475 4942 8149 2067 8066 7321 1981 9939 4564 6203 9770 2068 6882 7292 6494 419 2582 7218 7634 6660 6797 4861 5178 9499 6789 5918 4918 6508 9530 2798 8468 4827 2482 1441 460 6668 5632 2563 6352 3835 1147 9375 5427 5671 6310 3424 229 9933 9084 5258 707 5178 5900 8180 3803 5625 5470 4709 6478 3549 2332 7001 3302 147 2871 7175 632 1110 1164 8487 9027 31 7641 1482 1290 4583 7956 3659 2334 2015 6116 2807 3352 1945 8671 7549 9083 3507 8470 8030 710 8520 7486 5332 2379 5426 5478 4490 6067 9847 5124 5566 733 6482 8269 8559 7184 2120 9797 1017 7702 9401 5522 6342 3553 1407 2021 2031 721 7544 332 1546 8294 4439 924 2758 4949 968 6965 5759 7180 72 1768 8838 9950 6677 4827 1264 35 3274 8831 5391 9199 5773 1256 2623 1168 4259 2138 1320 2416 205 520 6978 9499 2875 1798 1081 5104 6026 9043 7846 5693 4803 1615 1336 8820 4279 9298 1190 5661 1761 647 8215 5658 7665 9253 9020 5176 6986 8995 8355 3741 4316 5446 5923 866 3894 1054 8021 7869 3513 9141 8164 8706 7099 5329 1438 9744 4747 8492 4986 8539 1913 5774 346 7976 1435 6206 7158 6262 1989 9154 1869 8841 8178 7452 3816 4847 6546 2622 3342 8032 8854 2574 3215 4831 5995 490 6696 6113 2611 3715 7848 2758 9807 3912 9948 8129 3119 8856 4587 157 6213 7097 9975 4343 9229 2055 1193 7227 9355 5900 1897 8543 2368 9111 4068 181 4328 1411 2758 243 6612 8190 4882 5617 1972 5238 2548 1675 7667 809 2186 9127 2374 5588 1975 186 1078 7512 4129 2636 6101 8047 5025 2307 8510 6776 8346 9213 2756 9324 5474 4061 7614 9535 6620 1580 9439 6848 3202 80 7721 5111 8827 4295 7922 6765 3662 704 269 2117 458 1231 6164 7619 1923 9868 9796 5256 2646 5981 2630 2619 5654 2497 6287 1969 4259 609 6852 9467 8958 6845 4886 7555 1289 2938 3940 9234 4336 6917 7049 3678 2697 2485 2049 793 4353 3260 7207 3462 7518 8786 4403 1274 4579 4461 805 8268 7647 1963 7058 8331 5977 1988 4660 7387 3233 9441 6260 9242 1662 7234 8345 1481 5950 8707 620 8624 5952 2149 5876 234 2893 9476 2232 3721 6522 6312 2045 2806 2578 5402 3883 6594 2785 2155 153 7227 2521 1438 5652 9321 3594 9618 8266 4204 7089 879 6976 8704 1168 4651 7241 4129 5299 7997 2968 5932 3769 4627 2195 2994 8732 9450 1542 9319 7671 3862 4950 3207 632 6582 5543 2420 9193 7920 5021 4474 5104 1454 6764 329 6863 7408 956 4720 349 7193 8657 7840 8363 5733 877 7587 6093 4287 6884 3345 2407 3798 2826 5531 8873 188 3100 6302 2860 9915 2694 7419 8097 9479 1311 5702 7604 812 2971 1941 1790 1131 4553 1605 8638 61 1639 1117 7941 951 4706 483 5928 2244 3979 7221 4791 8033 5249 1556 9855 6922 8477 4248 3575 8102 7122 3608 7453 1271 3401 5396 856 3999 8916 6276 5305 1003 1599 3585 178 582 1514 2038 7890 1126 9706 5445 9619 6148 5866 7889 514 3607 1096 3532 9813 8485 6002 8013 73 1350 2638 7647 7053 5376 5576 9534 7169 632 575 3444 5617 6123 4212 6027 629 6993 6887 3638 1360 8290 3480 9290 763 1828 3559 9051 6082 228 585 9034 565 2694 6241 8759 7510 9777 7827 6780 6429 9302 4641 1974 6049 9633 353 9575 4589 7816 8303 8935 8006 2870 497 3410 8741 5310 6724 1935 8797 6297 5551 1984 7556 7857 4675 4994 30 4329 7479 1121 3283 682 6782 5306 3757 8147 1792 620 5333 8701 4556 4824 1601 8000 3459 5445 9126 866 9722 6777 4784 5589 470 6251 2055 3026 2671 4160 7168 2894 2756 1658 3921 9895 2405 6171 7160 8899 5580 9411 2712 5236 818 9768 9472 4119 9379 7744 485 7232 8927 2526 8520 5478 8525 2672 2133 9968 8645 3416 5466 9779 6504 4283 6897 2324 5886 4715 9680 6465 8604 4578 3236 3996 3813 490 3948 7120 5115 2232 6707 5395 2634 6631 4730 226 9148 9508 6375 6097 7111 8875 9937 394 2036 5466 4424 2532 7494 584 9482 1391 2025 3280 5281 4726 4218 1757 1508 9583 2837 4461 2540 1633 1685 4753 1543 6021 62 5328 865 223 4565 5433 3117 4763 4258 1529 2196 5826 5043 9316 8210 4754 194 3315 888 7481 1097 7610 3567 7872 6020 5123 7209 3441 8516 1263 7704 2065 1628 9076 5666 168 2752 8748 1440 4616 8383 372 4676 3647 6224 4044 15 601 236 3492 9083 4394 1808 6338 9342 1156 9234 9501 5220 3217 2078 8036 2946 9885 3440 7885 5704 9092 5767 946 5848 7662 8511 3270 3447 7608 5006 6281 7289 1403 4471 4976 1353 5246 3634 3547 9449 8604 8059 923 3434 6636 7546 978 3718 5054 7293 3187 712 9874 832 5649 8480 1555 9468 5458 8376 3875 9968 7013 5533 2612 8241 1449 2966 
5777 825 7896 3991 9206 871 5646 5752 6852 7263 5125 548 8895 7529 6967 7602 9284 7147 1214 2648 8171 9107 6090 9327 7591 8653 7299 6790 248 1321 2898 1012 8055 9511 7107 4382 8044 4334 5318 8484 7543 6776 3442 1094 4658 6648 7156 4573 9581 6534 1731 6202 3968 6689 4369 6934 8351 6564 4869 2218 4748 2562 2933 7991 7200 4893 9959 1153 767 4495 5459 7023 1571 4977 2744 3792 2378 6522 5029 7445 3717 223 7877 5249 3490 7252 5692 6908 9801 4518 3999 5422 4387 408 265 7080 6843 3270 1797 369 414 7637 236 3318 4818 6642 5730 7398 4696 7984 1118 7095 1514 6071 3521 930 3371 1326 4910 1985 1263 5718 4835 1409 6865 5689 3408 8570 8279 9155 6111 7302 4476 5756 68 6020 1190 6789 847 7254 4767 9925 5213 4669 7435 1469 4062 339 1368 6656 3793 8933 6454 884 5285 3515 3736 8185 635 1701 8222 1220 1947 7408 3696 1629 102 6531 3123 2566 3820 6782 7443 3423 1972 9620 2614 5774 6659 3216 8234 1958 5416 4469 6232 6118 1932 5312 4833 8256 8999 9683 4767 7603 5132 7326 7082 5368 6707 1151 6649 1608 2192 6088 6984 4021 7046 5052 5686 1809 7847 5354 2903 2819 2843 4586 2612 1570 3350 4696 715 6455 3876 4224 2819 3293 9585 9889 4750 9352 9236 8294 5864 7920 2940 8936 6568 1194 1614 1174 5167 7391 8325 3088 5730 168 7440 5998 8007 1510 5584 2185 774 6662 6284 6070 5309 5528 1689 8777 3625 625 227 2391 7442 3242 9742 7130 2153 8638 2725 7610 3753 2087 1550 2631 554 480 5694 6174 6732 9369 15 1246 2058 9578 9514 6911 7195 6875 4915 1703 7715 696 6731 7148 1904 5238 2919 4970 6219 42 3371 1977 9221 2039 2547 454 587 1127 7227 118 9776 2775 2597 4980 7021 871 2895 8828 5270 4804 7630 8275 7831 8791 9827 988 9011 8735 9787 4291 877 6668 2720 8069 8530 5593 976 5302 3277 2682 1479 8846 8422 4015 3677 9858 3336 6174 5496 1646 4714 2211 2769 4973 8766 4355 5594 7629 1363 3034 9651 8901 697 8082 7758 95 8832 2830 4186 7971 6709 8674 4255 2366 4757 1587 7361 4155 4260 5391 8306 2878 7779 3360 2401 2646 6428 6704 8754 7194 1042 8952 1140 9445 8436 9518 6900 8813 6556 9989 666 4859 8341 177 6368 899 3982 2032 4083 9112 6537 9790 5388 9229 9771 9069 7039 9130 2173 4318 7529 4740 6542 5912 9966 3600 7438 7016 3027 3259 2832 7211 2829 3250 5440 6533 6298 2625 912 4630 8204 8283 3946 1610 4020 4910 3286 1408 4059 5545 9693 4213 9273 6502 6492 2618 2985 6322 8803 3105 9116 303 4901 2190 6336 3552 4254 6573 2139 6337 2287 151 3959 5153 9226 9601 5495 6258 6786 1912 7716 4469 8571 3412 3754 9274 1862 5563 3796 4583 6779 5619 1156 4914 483 6880 2072 9455 7073 9853 5508 7645 5105 6675 7855 2989 5853 7559 8330 3328 2849 9027 6548 3640 2965 5959 7645 4026 8939 7418 961 1309 9843 7819 2698 4005 547 7333 9714 1139 5285 2389 8304 3037 6438 9484 1280 6071 5525 2426 1776 1697 3486 5399 6066 2994 199 6133 4105 9864 2861 7438 2845 9752 3670 3370 7140 2284 1474 8224 1793 2535 8379 2726 5098 2965 7120 3603 795 7266 5675 7784 1970 3346 2829 5014 3411 7943 8561 3707 6666 8758 858 772 3806 5588 2608 4150 778 1842 3643 8774 538 5295 1829 1459 6051 6674 5422 2960 3967 5137 8636 4815 4367 8432 6231 6739 3337 5396 8938 9258 2982 5450 8899 2317 9330 8642 6758 2213 9953 9218 6770 8127 6881 1078 5698 566 3712 4719 1223 3124 3051 3014 8127 5323 7526 1794 2136 1814 6717 5989 1950 9386 1040 7399 8232 9206 3607 3630 3917 2418 6056 8609 27 1846 4550 717 5083 7737 5497 2916 6519 7031 3842 8008 6771 3618 4111 7705 718 6013 9167 3968 1544 5952 5797 8519 9653 1233 4016 6884 1636 8982 3521 9600 5544 4017 5918 5103 6107 8307 1678 7827 5932 4997 582 6895 4640 5761 5785 8186 3287 5227 8477 9280 8771 6890 9541 3847 4303 7189 5247 3765 1223 3211 1725 1043 2477 480 9726 1370 8646 2555 216 8434 7789 3372 750 9717 6620 6775 3611 6270 603 4108 562 8752 6152 8869 8219 3457 6206 5877 9642 334 6300 2232 3962 2803 7236 7109 7484 5775 6380 856 2046 212 762 8949 4947 4368 5591 1169 4251 15 925 4460 5025 6730 7539 3452 1197 1791 46 9200 3238 3059 7570 1950 9557 9414 3712 3017 4057 7367 8953 492 7818 9357 604 2475 3737 898 9079 5394 3293 6410 7392 5030 8392 3136 3086 9750 8799 1891 5296 7626 7166 6455 5908 722 7849 3662 3315 3705 7827 9861 2966 7515 9023 9982 4867 1234 592 9402 350 5119 4097 9 7367 7406 2356 152 3501 7711 9727 2020 7348 7431 5862 6459 2314 2057 6325 4111 4531 204 4533 9677 5093 5551 1550 1880 237 2559 1252 2747 7554 1403 9438 1639 419 8945 4546 5665 1530 1657 5062 6992 4603 417 9070 3346 6871 401 8536 7811 6816 45 7815 8664 4359 957 4886 9985 2153 9819 1172 3880 1355 4 5381 4122 4695 5884 8978 4996 2631 6078 9420 3801 5037 7462 2964 3348 5335 2153 1861 5373 9493 1319 6158 9274 2529 8023 1062 9614 7666 7481 4970 7827 9455 3639 172 9261 310 646 528 9250 998 4766 8169 1256 8552 8880 103 9188 3477 9142 345 7057 1572 2769 159 8771 6520 3087 6906 4115 3851 9390 5449 5827 4449 7804 6287 3119 6187 7865 6746 8753 8641 7102 6986 3821 3370 6666 4841 206 2045 5292 6663 944 7585 7408 4358 2903 740 7148 4939 2333 3397 9756 1421 1306 8706 6175 9589 7551 159 3179 7225 3430 1417 7351 7275 7152 

3 3
18 10 8 
3 8 12 

5 3
72 46 43 35 13 
14 69 2 51 6 

1000 100
4534 9959 1805 1447 9535 5 7883 2062 9192 4150 6966 6506 5120 3386 7726 6376 7472 1083 2975 1955 369 7297 2207 8077 374 7615 9682 2663 9940 49 4816 3541 1570 7196 4676 3783 757 8738 9212 2725 7236 7969 153 8139 1297 3224 1793 7681 2612 9619 5223 8160 4415 9182 3580 9396 6245 3860 5330 8167 4755 423 3003 4307 7424 5139 1233 1986 8581 3411 746 6958 1036 1926 1283 8978 6467 3196 7715 6884 1807 9089 645 7964 6275 7133 2094 1895 1201 823 1907 7186 6950 2884 9078 9202 6150 5852 5354 2654 6675 8350 7835 6254 3787 4059 7584 4292 4899 2835 8329 2052 3605 2688 2117 4092 9896 9429 3798 2425 5967 2325 3789 8303 7803 3820 5574 4277 5983 2316 124 265 9242 4690 8048 540 9546 9782 6765 3099 8077 3790 68 6276 834 8589 1816 1534 7825 6154 9291 632 5096 2482 7402 7372 6084 2210 5505 4575 2048 8568 7921 2269 5681 406 4952 6635 8738 6318 9761 4003 5610 5883 276 3475 1303 564 5220 7680 2592 5869 48 4222 8681 8268 2561 2337 3356 1185 8718 7789 5589 1109 6115 1782 2316 4280 2055 2980 5962 1462 80 5987 9182 2111 6721 9211 6523 2650 6606 7698 3586 5558 8445 6657 4821 5855 1808 9264 4064 596 2474 6168 9918 2569 9283 3362 7818 7524 7233 1045 1969 1983 1833 5247 1343 6379 4571 7511 9916 6517 7120 8266 4580 3464 5978 8558 7126 7315 6228 1162 2616 8916 9769 9298 4151 788 544 5662 9305 5537 5737 8617 6818 4154 9209 1077 9879 9545 6480 4195 7494 2544 2610 2195 6511 1461 974 5829 6544 1983 8484 917 878 5078 7013 3708 9126 3993 9665 1065 5419 4209 1290 4789 1871 1776 7871 2572 43 9342 6765 9404 7731 3833 7397 4507 1685 5499 3279 9852 8663 4596 9772 8722 6329 4795 2021 9104 2171 8167 9459 3198 6195 9649 6507 364 500 7548 3195 3113 8684 4365 2102 2249 7190 2227 115 9032 3901 8236 195 5052 6625 5758 3396 9623 3883 1488 2876 4539 9480 5424 8293 5636 1008 919 6144 2550 8465 4818 2226 3091 6201 1579 1185 6206 1421 5840 6483 7079 4652 733 7399 80 5786 730 9251 164 1012 5744 4913 6369 6517 656 2132 3986 2270 5458 6636 627 9723 2672 2806 2779 9715 9632 4669 7660 8234 6071 7193 4944 6431 4494 6615 1507 438 986 5668 7526 4996 5103 1784 3385 463 5580 7816 2306 6445 8657 7877 9309 6746 3022 8446 1871 7707 1666 9666 624 9089 9895 4982 1330 3462 3443 8193 7609 5897 5270 7419 9624 1042 8027 8462 5760 5226 2915 1535 1444 216 9801 1637 7206 1408 6342 4280 1550 7856 5896 3134 9275 388 8097 9032 1216 2866 2561 7479 2569 4818 45 9641 5717 4620 9198 6228 5953 6590 2892 9536 3874 7762 3377 9434 8027 5841 2035 8410 2528 1159 1279 9037 4036 9143 360 8312 1472 5194 3385 5147 3668 3699 139 3762 7290 524 8347 2064 7019 6598 9498 6359 6399 497 3104 7277 3476 8399 5057 4409 4014 1255 7507 3622 4668 4618 426 9397 6836 587 1134 6773 8548 5542 3518 6588 8480 5402 3670 2326 6010 4426 2634 1848 3321 541 8047 8503 3157 8792 6576 3160 209 1158 4378 351 154 5030 8388 3981 370 1385 2620 2469 6938 1809 1528 1717 3312 5286 1735 8307 7839 3163 614 70 1825 4624 4119 722 2092 6456 8455 8457 8393 2928 4445 3243 1291 692 581 166 7924 6814 8395 7085 1904 4907 231 4632 5917 1805 1936 7323 4405 5528 4008 7511 9032 5040 6508 3290 5426 5044 1293 788 4402 6954 674 497 4427 244 8093 95 9285 567 4366 1396 8441 8769 8765 78 3322 3887 3080 3381 9670 7720 2050 2632 2082 3979 7893 7648 517 4157 8615 5082 8504 2051 5650 5742 7035 3118 1565 4482 1839 3814 8890 4450 4284 5635 2241 5303 8819 59 3033 7182 9813 3451 4553 1923 7353 2998 3047 3613 5478 9226 9381 2103 1686 6609 9828 1296 5942 8127 8684 7584 1941 9619 3884 6761 2651 1648 5885 2781 6459 8825 500 8603 2278 8980 8793 551 1766 4924 2434 2727 4818 4716 7403 779 6224 2564 5540 2122 6672 398 5109 3865 7512 4515 8851 9397 3646 9066 5661 302 1410 4782 112 479 5100 2334 332 4850 6688 3641 1982 4091 9189 3290 7279 9375 7391 2871 4863 4657 3165 6480 7123 4744 7446 2240 2426 9183 9590 4874 1386 7450 657 3712 6452 9546 6226 8290 5254 9210 8368 1206 1646 4065 101 2566 2097 7901 3243 7105 4079 4493 2057 7431 8372 5243 4871 5419 4105 5841 5355 4149 9744 7451 9220 3626 3839 6313 7015 9477 6187 8667 6445 9190 2170 9236 5388 7192 6773 687 7022 7048 3917 7892 9381 7758 9461 1562 499 7451 6625 4019 4929 4517 9153 7165 4645 5533 3300 9078 899 2008 1798 2577 2546 7527 7270 8662 5425 3900 3548 3266 6026 6952 1665 5624 2447 7719 7435 9698 1335 5523 8976 1182 4846 4831 186 3714 6562 4357 5764 7186 6129 6276 8371 9663 9475 2692 8197 9085 3583 2070 6023 3344 2552 1409 4610 5077 8802 2870 9812 4263 6653 4930 626 7009 9475 4985 2282 4777 4068 1006 854 1969 9743 1180 6283 59 1641 6980 5814 7572 9200 7279 1659 1117 8110 6659 5225 2472 7271 996 1995 5238 8181 1713 7696 4981 5472 6058 9301 5426 9067 9547 6162 2246 6699 2836 7002 2968 1780 3207 8058 6582 1298 8265 4854 2048 6328 4801 8242 3878 6586 4113 4738 5653 6259 5101 4843 9957 6177 9592 1123 402 9988 206 2888 1803 6105 3145 3261 7142 1798 218 5279 2676 1043 5791 367 9474 4797 3026 5622 7710 3002 2877 6231 8087 6814 3288 9451 9137 1278 5499 4561 1431 977 9347 9362 6301 6991 6451 3099 8315 3594 2928 344 1142 2750 
5986 1739 8389 6002 8175 5809 5454 7328 3087 9883 3134 1217 4826 1818 6264 8323 4082 4079 1698 9896 8476 1494 8175 9131 1395 4730 4579 9163 4865 373 4489 1515 6018 3379 9530 8598 6956 9551 6744 7080 7178 1653 891 542 2985 2216 5159 6247 7194 3090 4007 6499 7805 1064 8447 4530 4817 2573 3309 2793 2057 5212 2389 224 7039 5029 4106 7817 9190 4196 5463 6578 3083 8915 9269 8026 9298 9319 3433 3665 934 9784 461 8579 1921 3547 6004 8519 3131 215 5060 1094 5708 8480 3901 5368 4000 6387 2231 2600 8385 7305 3017 3684 4377 2447 7232 2490 289 6231 4570 7797 8147 4579 9109 5677 6620 4394 1284 9658 3035 1810 2329 9141 9002 7790 9541 3367 7119 6681 9553 5215 2394 6684 1021 1267 2805 290 5380 7031 2150 3567 4552 6614 5630 8995 9902 480 6214 1055 1636 5663 1811 8609 190 3957 2170 291 9033 901 7232 9058 1019 8841 1655 7106 5363 98 8911 2372 6383 1872 3405 9821 5245 4156 7729 7071 3664 5235 3278 7690 162 1610 7634 9590 6402 1496 2429 1666 3062 3563 9735 4075 9482 6322 1907 5202 8856 9235 6879 1526 3528 5895 8650 5397 6276 9962 1233 7440 2190 2563 7947 4870 1905 7823 6564 2702 8988 1144 6558 9421 2648 2381 8867 2539 3946 2150 9742 5148 8611 5378 2876 3408 2001 5560 6552 7150 89 7597 3731 3512 9705 5009 8148 3757 927 1704 5857 6620 730 5694 4222 399 7105 8395 2191 8439 2916 2469 26 5501 129 7914 2731 7138 4371 1823 2089 6329 3678 3743 8830 2386 4804 5097 9801 3127 1012 2249 5831 8675 6907 1180 3953 2982 3436 2928 5191 2172 3951 2357 477 2404 7658 710 4390 2201 8888 6502 1569 3354 3630 1052 101 9327 1908 4714 807 865 2087 4620 2476 5131 5694 7475 6262 3280 7623 1377 5249 3545 8170 6596 8476 804 317 2087 8494 9244 7072 9273 632 8346 9382 2332 7357 3866 8572 543 9864 1986 2075 1252 1743 5137 6320 1809 6949 5821 2341 2696 6036 3203 2829 1548 4370 6404 3431 3765 9873 8628 9559 4105 159 6291 1677 3485 9802 3948 7426 593 7433 8053 8060 490 4223 8715 2527 2225 4902 7761 1516 3579 7315 9235 4410 402 8591 9800 3863 2452 7952 3601 5261 5894 2795 1678 3247 7389 6096 7849 3400 4053 5068 5152 5924 7552 1354 217 2677 4490 6801 5580 6663 4605 1372 6234 1754 1371 3588 7609 8614 4288 2205 3710 7761 6615 5883 1254 4774 271 1460 9471 7447 9546 8258 7449 103 7116 8407 4043 3954 7771 3871 3740 233 4892 7629 8325 2892 2055 4384 5466 7785 2282 6449 4662 8492 5310 9970 9391 7839 3100 2232 744 977 6875 2585 9611 2860 9 245 7942 1322 1198 54 227 8926 3324 7872 9767 5568 8415 1468 3574 3336 3843 483 2979 9456 287 7849 8277 343 5070 1714 6895 3886 5244 4857 6843 5170 5937 2163 7344 7937 809 9606 4097 5101 7498 3190 1244 5011 1892 4887 3073 7006 4910 9092 3483 625 2191 7054 5976 56 7629 321 3713 7495 5898 4615 8376 8952 9382 5896 42 3473 8033 7777 2642 3655 5349 1611 3057 6170 2660 2777 1455 2583 3076 7466 8009 485 6953 8262 4726 9059 3538 3502 8669 223 52 7274 4917 7677 324 7596 6089 2396 1725 2558 4052 4820 4108 3033 7121 636 7457 2031 7747 2347 254 7876 9788 1603 4155 2450 5657 8483 7663 164 1938 9074 5652 5365 2095 6922 6464 9745 7651 523 6637 3580 5698 3990 7084 516 6302 4549 4684 7306 3370 58 5798 8694 3591 3740 8995 390 2777 6484 2272 2704 4006 1996 7597 9843 6411 2221 418 8352 9293 8152 6928 7482 827 2772 7326 3068 9082 3169 4769 9107 7609 3980 5391 6761 7330 6871 2610 6903 9690 8050 6310 7369 7462 3674 7668 9626 6203 6934 6997 5071 9881 1344 9963 3483 3532 7338 4391 4940 4294 6978 4639 7730 9764 6182 8855 9570 2285 3111 3135 822 2014 2295 3326 751 8744 8047 1339 5314 817 2852 8305 1815 8362 6739 8173 9076 2780 3194 8921 2452 6634 7026 6792 407 7152 2629 187 4327 7479 4766 8249 9625 4689 2376 5792 993 6495 1788 9271 3862 6523 4095 1652 6358 9629 7944 2507 1105 3756 7990 8714 5538 1741 5572 9245 5341 7131 8019 1215 6441 4023 9444 2841 5977 7687 3807 5788 3687 7597 3605 8224 7440 4431 5105 8710 3933 8253 2369 5329 6760 4546 2842 2 50 2546 592 6764 2281 9352 2740 4412 2593 3640 8660 1363 8122 7732 5185 2381 381 7797 8359 8017 5135 9212 782 6879 4850 4643 7841 4536 7642 2908 6775 135 4164 9754 3476 2518 910 8931 8699 8654 5855 467 8463 5514 3740 6995 5457 5629 9767 3828 4282 146 3115 7647 1723 6487 8716 858 6179 3101 2155 6519 3113 9808 1543 123 3525 3966 8595 3919 8345 8931 4440 2378 9541 5579 141 8412 1606 5803 4551 1824 4787 3038 9230 2254 9546 7268 5302 1013 55 1794 2951 8516 2482 7488 9496 7220 1825 5826 625 5782 8013 6486 1403 24 2738 600 2297 433 1487 3438 6890 139 1757 5822 7024 401 7051 4228 9506 6381 335 1339 9866 3111 7282 6682 1323 7360 5157 3187 1333 6647 8420 3106 8831 5123 7880 5740 3665 5406 405 8935 4029 8728 5253 3534 3706 4906 8861 2191 2336 8285 1824 4240 4931 894 8158 2327 5014 2764 2413 1890 9776 581 9003 9427 6703 6313 9923 1203 407 8508 2629 5238 2548 3651 6632 6440 1549 3227 2221 7753 8073 4827 3579 3580 7275 1740 8008 1529 6715 4514 3290 9400 2867 9904 6273 5907 4882 1097 957 1732 6592 8169 4429 2931 5940 5977 7586 4150 5471 7051 369 1966 7744 5464 2548 1273 4634 7947 2380 2378 8363 1187 4216 7566 667 6673 6366 3524 

1000 100
55 863 55 923 91 511 63 507 399 887 231 871 119 971 83 611 171 603 399 575 103 675 155 919 411 771 415 619 39 987 191 679 371 767 495 735 103 731 379 927 23 603 191 971 307 919 363 963 179 863 439 987 179 783 207 579 115 859 39 847 327 979 463 579 171 695 431 939 427 639 307 907 251 867 491 927 103 703 443 555 435 827 239 763 63 843 335 775 331 687 283 871 199 863 291 503 379 983 259 515 139 731 87 951 415 723 499 511 119 615 203 675 7 619 199 519 111 935 211 723 191 619 135 523 55 639 95 615 171 571 483 939 439 823 499 939 375 611 435 831 399 603 467 519 423 915 299 607 155 735 259 739 343 527 179 987 123 595 203 695 259 931 419 535 375 503 55 763 35 591 75 623 63 819 211 567 247 875 431 823 103 531 235 955 103 515 23 655 83 771 483 699 435 691 303 867 3 939 499 987 223 619 259 871 215 939 7 755 463 655 391 583 275 939 203 963 419 887 191 623 79 787 335 571 191 511 315 547 175 871 399 639 115 587 283 819 11 603 251 551 271 631 303 963 243 931 95 943 231 787 303 611 91 967 395 579 27 587 11 551 299 535 191 647 231 999 147 903 359 723 203 895 99 755 115 763 251 883 363 935 495 599 207 763 355 683 35 927 35 847 263 731 395 639 203 779 63 527 31 855 487 635 459 803 207 955 395 839 195 575 3 975 255 639 355 851 43 591 343 691 259 771 187 787 327 591 315 775 111 879 135 519 191 999 243 979 275 539 427 603 67 547 415 683 431 779 47 699 343 523 111 855 187 879 179 979 39 771 371 699 31 703 499 679 215 863 403 799 59 567 407 783 307 723 491 959 483 635 435 751 215 563 475 763 127 587 387 907 127 611 235 575 327 683 455 903 451 691 199 855 295 911 319 687 23 647 103 747 179 527 283 999 383 787 403 639 239 715 379 859 403 847 215 583 235 567 371 503 283 891 495 815 399 507 15 599 67 627 471 643 207 791 267 631 319 587 351 823 499 511 123 991 447 571 75 571 251 731 195 811 435 847 7 651 355 875 251 871 459 887 399 583 171 971 75 815 287 947 239 743 487 875 75 863 399 567 475 719 147 595 11 843 423 703 227 663 155 843 295 983 439 827 343 771 295 723 135 787 131 731 175 687 59 763 183 511 307 647 67 851 59 783 455 631 459 799 343 907 455 719 239 759 491 559 211 519 455 507 483 599 23 651 331 931 75 735 207 851 415 775 31 827 123 687 115 659 251 751 235 795 39 735 435 603 363 691 427 719 395 635 447 879 495 883 491 507 407 543 387 751 35 931 55 835 467 667 195 799 163 647 427 831 243 971 463 919 499 811 211 843 227 911 111 555 19 775 99 767 299 999 391 775 199 999 63 511 427 575 167 503 11 803 223 651 71 731 443 983 211 707 115 963 207 663 191 571 291 623 303 731 371 999 259 791 299 995 171 735 451 911 299 735 59 695 251 651 431 935 55 815 19 519 463 519 311 627 383 739 335 875 27 831 431 615 295 679 151 919 47 855 211 771 51 959 291 555 447 663 311 635 487 807 471 995 35 819 203 715 259 767 163 735 139 959 195 615 463 679 127 959 39 571 107 795 343 687 59 943 339 515 499 819 371 699 307 675 407 587 123 795 239 747 351 531 19 951 223 731 447 879 79 723 123 615 127 795 167 815 227 739 363 991 359 987 83 951 215 715 335 911 387 503 207 883 135 627 111 815 151 671 239 727 463 511 299 731 115 943 411 711 475 847 143 995 299 579 455 803 79 579 51 855 235 763 95 627 495 751 299 675 287 903 111 911 199 695 479 683 103 747 439 899 51 751 271 655 15 871 363 723 319 943 303 703 331 947 235 735 99 951 395 827 215 823 147 999 379 531 199 667 39 899 215 791 227 771 283 535 395 915 435 727 407 559 475 899 123 847 343 895 79 711 143 895 251 887 123 711 415 579 415 663 51 675 383 887 403 775 411 563 183 943 155 995 155 787 479 899 63 831 383 967 167 935 75 799 483 811 295 739 95 923 415 635 331 655 451 703 463 743 383 791 39 947 415 999 387 607 299 851 447 995 167 839 343 807 447 843 339 519 399 731 255 663 135 759 467 891 335 595 255 887 147 711 139 603 247 923 159 711 211 583 119 899 163 727 55 695 87 791 47 947 43 699 19 503 323 747 71 895 87 751 419 859 31 687 227 567 83 775 427 711 63 863 135 503 399 595 171 927 463 539 323 591 127 851 467 795 251 747 
2478 2276 2478 2261 2469 2364 2476 2365 2392 2270 2434 2274 2462 2249 2471 2339 2449 2341 2392 2348 2466 2323 2453 2262 2389 2299 2388 2337 2482 2245 2444 2322 2399 2300 2368 2308 2466 2309 2397 2260 2486 2341 2444 2249 2415 2262 2401 2251 2447 2276 2382 2245 2447 2296 2440 2347 2463 2277 2482 2280 2410 2247 2376 2347 2449 2318 2384 2257 2385 2332 2415 2265 2429 2275 2369 2260 2466 2316 2381 2353 2383 2285 2432 2301 2476 2281 2408 2298 2409 2320 2421 2274 2442 2276 2419 2366 2397 2246 2427 2363 2457 2309 2470 2254 2388 2311 2367 2364 2462 2338 2441 2323 2490 2337 2442 2362 2464 2258 2439 2311 2444 2337 2458 2361 2478 2332 2468 2338 2449 2349 2371 2257 2382 2286 2367 2257 2398 2339 2383 2284 2392 2341 2375 2362 2386 2263 2417 2340 2453 2308 2427 2307 2406 2360 2447 2245 2461 2343 2441 2318 2427 2259 2387 2358 2398 2366 2478 2301 2483 2344 2473 2336 2476 2287 2439 2350 2430 2273 2384 2286 2466 2359 2433 2253 2466 2363 2486 2328 2471 2299 2371 2317 2383 2319 2416 2275 2491 2257 2367 2245 2436 2337 2427 2274 2438 2257 2490 2303 2376 2328 2394 2346 2423 2257 2441 2251 2387 2270 2444 2336 2472 2295 2408 2349 2444 2364 2413 2355 2448 2274 2392 2332 2463 2345 2421 2287 2489 2341 2429 2354 2424 2334 2416 2251 2431 2259 2468 2256 2434 2295 2416 2339 2469 2250 2393 2347 2485 2345 2489 2354 2417 2358 2444 2330 2434 2242 2455 2266 2402 2311 2441 2268 2467 2303 2463 2301 2429 2271 2401 2258 2368 2342 2440 2301 2403 2321 2483 2260 2483 2280 2426 2309 2393 2332 2441 2297 2476 2360 2484 2278 2370 2333 2377 2291 2440 2253 2393 2282 2443 2348 2491 2248 2428 2332 2403 2279 2481 2344 2406 2319 2427 2299 2445 2295 2410 2344 2413 2298 2464 2272 2458 2362 2444 2242 2431 2247 2423 2357 2385 2341 2475 2355 2388 2321 2384 2297 2480 2317 2406 2361 2464 2278 2445 2272 2447 2247 2482 2299 2399 2317 2484 2316 2367 2322 2438 2276 2391 2292 2477 2350 2390 2296 2415 2311 2369 2252 2371 2333 2383 2304 2438 2351 2373 2301 2460 2345 2395 2265 2460 2339 2433 2348 2410 2321 2378 2266 2379 2319 2442 2278 2418 2264 2412 2320 2486 2330 2466 2305 2447 2360 2421 2242 2396 2295 2391 2332 2432 2313 2397 2277 2391 2280 2438 2346 2433 2350 2399 2366 2421 2269 2368 2288 2392 2365 2488 2342 2475 2335 2374 2331 2440 2294 2425 2334 2412 2345 2404 2286 2367 2364 2461 2244 2380 2349 2473 2349 2429 2309 2443 2289 2383 2280 2490 2329 2403 2273 2429 2274 2377 2270 2392 2346 2449 2249 2473 2288 2420 2255 2432 2306 2370 2273 2473 2276 2392 2350 2373 2312 2455 2343 2489 2281 2386 2316 2435 2326 2453 2281 2418 2246 2382 2285 2406 2299 2418 2311 2458 2295 2459 2309 2448 2320 2477 2301 2446 2364 2415 2330 2475 2279 2477 2296 2378 2334 2377 2292 2406 2265 2378 2312 2432 2302 2369 2352 2439 2362 2378 2365 2371 2342 2486 2329 2409 2259 2473 2308 2440 2279 2388 2298 2484 2285 2461 2320 2463 2327 2429 2304 2433 2293 2482 2308 2383 2341 2401 2319 2385 2312 2393 2333 2380 2272 2368 2271 2369 2365 2390 2356 2395 2304 2483 2259 2478 2283 2375 2325 2443 2292 2451 2330 2385 2284 2431 2249 2376 2262 2367 2289 2439 2281 2435 2264 2464 2353 2487 2298 2467 2300 2417 2242 2394 2298 2442 2242 2476 2364 2385 2348 2450 2366 2489 2291 2436 2329 2474 2309 2381 2246 2439 2315 2463 2251 2440 2326 2444 2349 2419 2336 2416 2309 2399 2242 2427 2294 2417 2243 2449 2308 2379 2264 2417 2308 2477 2318 2429 2329 2384 2258 2478 2288 2487 2362 2376 2362 2414 2335 2396 2307 2408 2273 2485 2284 2384 2338 2418 2322 2454 2262 2480 2278 2439 2299 2479 2252 2419 2353 2380 2326 2414 2333 2370 2290 2374 2243 2483 2287 2441 2313 2427 2300 2451 2308 2457 2252 2443 2338 2376 2322 2460 2252 2482 2349 2465 2293 2406 2320 2477 2256 2407 2363 2367 2287 2399 2317 2415 2323 2390 2345 2461 2293 2432 2305 2404 2359 2487 2254 2436 2309 2380 2272 2472 2311 2461 2338 2460 2293 2450 2288 2435 2307 2401 2244 2402 2245 2471 2254 2438 2313 2408 2264 2395 2366 2440 2271 2458 2335 2464 2288 2454 2324 2432 2310 2376 2364 2417 2309 2463 2256 2389 2314 2373 2280 2456 2243 2417 2347 2378 2291 2472 2347 2479 2278 2433 2301 2468 2335 2368 2304 2417 2323 2420 2266 2464 2264 2442 2318 2372 2321 2466 2305 2382 2267 2479 2304 2424 2328 2488 2274 2401 2311 2412 2256 2416 2316 2409 2255 2433 2308 2467 2254 2393 2285 2438 2286 2455 2242 2397 2359 2442 2325 2482 2267 2438 2294 2435 2299 2421 2358 2393 2263 2383 2310 2390 2352 2373 2267 2461 2280 2406 2268 2472 2314 2456 2268 2429 2270 2461 2314 2388 2347 2388 2326 2479 2323 2396 2270 2391 2298 2389 2351 2446 2256 2453 2243 2453 2295 2372 2267 2476 2284 2396 2250 2450 2258 2473 2292 2371 2289 2418 2307 2468 2261 2388 2333 2409 2328 2379 2316 2376 2306 2396 2294 2482 2255 2388 2242 2395 2340 2417 2279 2380 2243 2450 2282 2406 2290 2380 2281 2407 2362 2392 2309 2428 2326 2458 2302 2375 2269 2408 2343 2428 2270 2455 2314 2457 2341 2430 2261 2452 2314 2439 2346 2462 2267 2451 2310 2478 2318 2470 2294 2480 2255 2481 2317 2487 2366 2411 2305 2474 2268 2470 2304 2387 2277 2484 2320 2435 2350 2471 2298 2385 2314 2476 2276 2458 2366 2392 2343 2449 2260 2376 2357 2411 2344 2460 2279 2375 2293 2429 2305 

500 10000
8486 2560 962 3084 1788 7015 9944 4253 6593 2793 4042 2349 2843 9982 8387 8044 7060 6362 7638 4337 3966 8099 3093 4507 7432 3658 4168 9833 8969 2249 1604 6797 6047 3075 4178 8406 1836 5937 9867 5008 7967 2571 697 1298 1518 1544 3001 9917 8331 510 1258 3372 747 2153 5083 7621 7846 55 8463 5696 536 2707 5751 7689 8281 3466 3841 1264 623 1734 8845 9492 5504 6505 3478 4835 3717 3158 3405 165 4049 1266 6121 6474 2471 3709 5935 9681 2158 7490 2868 9595 6444 2909 3158 6806 1303 3678 5315 829 5420 3825 2383 8031 6351 1095 5173 3514 3447 1879 1632 6059 4139 496 8597 3371 2825 1154 3358 8744 789 8982 5756 7265 7502 2842 6758 5728 2747 6562 2126 6541 8573 1369 930 5290 6713 5661 2256 4076 8317 9298 6090 6807 906 8339 7555 7693 204 2842 419 4711 8037 3145 3013 4279 3407 9806 4810 7088 3418 9885 9522 9436 4516 9604 237 7577 4373 7711 362 2017 8998 505 5291 6120 422 9195 7673 8940 802 4544 3810 5008 8905 9528 9351 6500 6986 8213 9854 3193 9998 4353 7234 7607 9738 3237 4410 6042 7787 7930 2321 1973 9815 1403 4965 251 9708 9837 7709 6639 4587 4368 1068 675 1405 8778 7369 4381 4649 5306 7151 8710 2727 1857 6119 8321 3034 2486 5420 5098 7705 6044 4145 9073 910 8160 4916 333 9820 5299 9195 5052 8975 9548 4899 2909 9240 5473 1208 9091 3856 3563 9059 6109 746 6189 165 2505 6882 4953 2363 5579 618 3953 7420 697 5698 2536 771 5735 6623 6469 2283 9351 9964 4456 7393 9671 8102 8076 2 7423 6650 7055 6417 7777 9512 4178 2167 1445 1526 899 2520 1873 356 8190 9431 988 4535 3861 1704 1291 8527 8847 3492 5880 483 8269 3704 1119 9527 9123 7138 4797 3660 3336 2380 5655 6031 2428 4998 9308 8406 2514 8139 1791 3769 9451 8689 7742 9292 2094 9421 3323 5809 3973 320 8521 6442 8088 823 4347 8313 9845 4438 5662 3865 4791 6413 9738 6305 1894 1509 2283 7251 8268 320 4162 7759 1873 5950 3098 333 7920 4496 3681 9765 3120 3824 178 1219 9008 2110 2023 1412 8481 4220 5291 1891 2594 2625 4078 9296 7700 7277 9979 3185 1190 5405 548 3485 986 7698 798 1226 9527 1510 7067 8847 8950 4340 2799 1199 8734 6675 6191 8280 3706 387 6041 7140 5225 3692 912 4049 3999 3549 9695 1484 2720 764 8700 6052 5975 3245 3554 7910 7300 1576 3985 5322 9583 1034 1253 8671 763 1874 5012 6460 227 1622 9811 2695 3809 1572 903 5244 6356 1914 4170 5749 8864 5529 8248 9499 4825 3829 1539 1589 4630 6265 7584 3826 3451 9202 5535 3632 3138 5486 7048 3690 7534 5958 9464 9563 7163 927 6191 7881 9739 1362 8314 6349 4289 6023 4022 6659 9612 4351 8184 2876 488 3038 6316 8094 9760 2968 1041 
7285 2804 7990 2123 2808 2642 8266 3291 4829 8881 6626 2542 9973 3523 5882 2714 5787 6688 7213 4579 6633 2282 8220 6761 5239 251 8111 3808 7954 5757 6028 8580 5720 1320 936 7815 5763 921 8044 1490 6963 7365 2033 96 1812 7169 8546 6399 9217 6608 7348 3996 7926 6126 732 5288 2640 3164 3726 5583 4942 7510 7869 670 9722 1851 8636 1408 9584 7563 4465 8077 8918 7549 1505 4853 6957 8240 9015 3351 6373 2413 5908 3212 8141 2214 9994 473 6541 2316 6687 7135 1298 4717 2583 727 1678 9875 7194 3060 7275 3975 4858 8688 7700 7798 9448 3794 3950 8544 4957 1097 1790 5315 8264 9448 9003 3559 1656 4560 6524 3188 2223 4773 1906 480 9554 7398 459 4850 6799 1592 5168 3546 6361 1109 6460 1449 7998 9146 6799 946 7873 8470 178 9042 3033 6901 280 7768 1336 8839 5373 8981 2889 3888 9287 9964 3262 5108 4593 7477 1606 3432 1648 9726 6927 7438 4209 4498 5489 8714 5269 3433 5992 2782 5102 8165 8775 8650 5151 8250 4051 2068 2208 6384 3487 7641 6713 9634 8899 8611 1325 9809 7535 1162 2640 5679 9316 7543 6434 8218 3289 912 5541 5456 937 2468 3723 3460 6496 4310 705 3706 7815 5490 3833 6986 3089 4398 3015 4869 8706 7097 6287 8701 696 2292 59 8955 858 5070 2027 9668 5590 4045 5909 803 5186 1343 2654 1101 8888 9772 2652 7012 7023 9068 9362 2608 431 1272 519 8066 4491 6164 6578 8463 3154 7103 8097 2661 5885 7809 2767 4015 8616 6175 3066 945 2397 8101 2001 5903 842 4293 2280 4830 2890 2714 297 1885 9238 9929 178 2212 7427 6700 3802 967 618 9328 903 7900 5905 9716 8595 2058 1442 44 3472 1969 3741 3569 6904 8806 1241 399 7384 8920 1030 4899 6502 2172 9984 2679 109 8254 6261 3427 228 4760 7892 2422 6191 1565 8088 5854 2298 8501 1535 7190 1601 3037 9656 2275 1942 1478 9800 7953 7259 1732 1919 2643 4734 5514 3922 2187 9383 4516 5164 1469 2698 3723 6870 1892 8232 1278 5183 9568 3476 8939 5082 8180 3282 2670 234 8583 8653 7192 110 4504 2650 976 4358 7173 9342 9687 1642 2056 713 4539 1834 9010 3520 3788 6325 8444 7905 7033 6072 6860 2885 6843 1206 2156 8235 23 5386 5084 8258 4834 6593 8087 3187 2093 5203 7996 3734 3072 804 5153 510 6014 1410 5191 9931 7902 424 7360 3209 5539 455 9470 8054 8301 9607 2806 1645 6335 9283 3811 9950 308 6487 3584 2727 1080 3992 4886 2254 2202 1687 7712 6105 2666 4309 4581 1739 8873 4273 1126 2275 7740 144 4393 8668 6517 9345 7644 7581 6269 5903 4932 362 2872 9182 5687 98 3752 5671 7543 7078 4338 9071 965 5405 7485 205 6421 2940 9362 8922 745 8958 6213 7492 1664 2072 4439 9684 7262 9909 3488 840 9373 8028 5831 1763 9869 

500 10000
6418 3741 5487 2565 1617 3745 1484 697 2154 9313 966 2376 2133 8805 7818 9959 5792 7489 6807 9437 2195 7587 2584 170 9430 5475 2330 1809 9774 8523 6268 1776 3637 9792 6196 260 9781 5260 1616 1066 1850 4984 4362 169 227 4493 2284 4444 8904 8859 2006 9931 6705 2665 8255 4925 9824 1656 8167 6581 5443 1638 2547 2654 5812 2113 6693 6581 5496 5417 1268 9761 1017 810 3113 8070 7456 1249 7172 3906 9018 7008 9813 2399 1206 4433 9537 9736 2811 6190 8256 6755 3478 4909 1348 9806 1633 6146 6038 9205 8960 585 1018 613 7686 7402 8960 8465 9130 6116 27 5566 6562 9566 2362 6191 1002 3423 8676 911 9790 1942 8194 2626 5033 7983 3803 5907 4526 7119 6785 8338 5029 7176 6179 8331 1799 843 6951 4853 1543 4648 5001 436 1343 4251 355 6255 9740 1274 441 9121 3793 5358 6274 8362 3966 1865 6798 3986 6563 8280 6070 370 1307 6210 8430 5627 6709 9019 5488 1369 6733 6940 2179 3760 766 4866 3931 7069 7668 7272 918 8011 2934 9744 6557 8746 8206 8953 3206 1800 3608 5905 7367 3519 9656 1352 286 729 3674 4079 2313 2571 7222 8368 7611 5041 8346 9760 9975 4161 6300 8497 9959 6205 3000 3375 7208 7959 3667 8010 158 723 2859 5271 6251 7147 9855 1707 8286 3950 4851 5416 6999 4897 5180 6725 9937 2852 6690 9634 7725 2754 5596 7169 6012 8835 5859 2445 8858 2660 5636 8092 752 2848 4188 2453 6624 1407 7890 9768 8311 660 9868 9757 4306 8633 6160 4173 4868 1084 489 8763 4997 5152 4820 8364 9312 7242 5517 8947 2642 3129 6664 5881 9534 1949 4010 1452 2107 2227 8201 2368 8849 7374 8988 2096 7642 513 8145 3653 5923 5400 9525 1565 3770 7777 8936 8903 5976 4836 48 6459 2372 4826 9300 7205 1472 1974 4804 3284 7011 6951 7238 981 4707 8324 3785 64 3588 9538 2270 4883 6968 8833 3735 3383 4263 3808 9392 637 4135 2764 5840 375 6156 6868 6434 9743 2622 752 69 8800 1615 324 2105 7652 1313 7688 671 5499 5840 4932 2188 367 2009 1321 3151 433 815 4163 7465 9556 8941 6398 5985 5760 8082 4216 7197 5673 7323 4478 8326 415 2257 5618 6405 9914 7065 556 180 7544 2795 5761 1183 6450 6745 5689 2928 7032 1012 9747 8785 142 6932 5998 3189 1972 958 8139 7858 427 3378 3953 7734 288 5055 2622 7126 8738 2660 9905 4985 4984 6986 7302 8290 8133 410 7493 4666 2401 8214 1661 1410 7270 5963 9085 6839 6637 5358 4304 8565 8192 205 8914 967 2959 1014 9232 5836 7212 135 1898 6429 60 483 3740 730 1198 5210 9251 3064 3785 7149 5461 6033 8830 1805 1010 8069 3487 2002 2571 9424 396 7733 2021 6225 4135 2858 5081 4133 404 774 1859 8031 7672 8167 2328 5131 5953 3452 2243 6873 2820 1416 4774 
8250 4528 1988 517 6195 5806 7133 5846 9219 5821 8692 8215 8145 2288 8729 3176 5083 3385 6015 664 8045 7978 6402 3675 9753 7397 6421 6384 8683 9454 8024 7119 8103 2952 572 5320 9644 1079 4517 2111 1773 2933 9780 2790 7863 8903 5799 9683 1800 5498 9744 1136 1522 6060 6732 4220 3391 5846 1817 6240 175 5254 8391 4167 7611 4206 7437 6828 642 3149 601 5793 8028 7649 504 4003 4599 5762 1102 3755 921 2826 4224 4779 7720 5424 3336 4359 1207 5169 6426 6591 2734 1496 4621 6424 3786 436 3618 4199 4445 3432 7110 5675 4775 4979 3011 4849 2069 449 3379 7651 3833 7861 5135 5491 8114 6782 7255 5279 8887 2193 6752 8061 9404 5066 8820 6133 7273 999 612 7974 1106 6220 2712 4434 9576 3342 9441 6841 5233 3333 7940 6601 688 8439 1311 7704 261 9032 468 5035 1440 484 368 7836 1374 3726 2144 5580 3097 683 4532 7400 1703 7436 3220 8075 6919 2673 9590 1372 8068 2452 2351 1375 3145 2361 1008 5390 3676 3549 4671 6340 5968 5986 7726 3710 5535 23 6040 9964 1058 1719 7877 471 4486 8910 3871 3400 4946 2830 5740 8626 8423 9766 7605 9641 6574 1989 6999 5915 1479 6233 9442 6329 8419 473 4750 1262 6695 1345 2357 8094 8616 7087 9109 2714 388 6854 644 1373 2777 6310 8992 2751 1864 7310 479 7583 2130 3733 1433 5285 358 4709 3370 7750 9389 6068 7951 7326 8334 2546 8135 5836 5602 9923 3332 9639 7113 4798 5754 6605 6251 1163 2882 4581 5707 6642 5416 7120 6902 1393 9519 3910 2798 9127 913 2602 6303 6419 8578 2073 5313 8700 377 5310 4936 6676 6224 6148 1879 1671 3852 9891 4037 2799 6360 2275 9999 8800 4733 497 2317 1275 4689 2803 4301 6534 7317 1109 7973 8965 4914 4500 4156 29 2676 5560 3785 9806 414 2988 4769 8943 9875 7747 6915 5606 1608 6490 7004 5331 4575 9910 7150 8955 2729 4001 7715 5442 3719 7762 9428 51 1804 7937 6527 7650 6655 5250 9842 4832 9193 4827 2078 3856 8585 1859 460 7241 3893 8739 5902 426 5822 5577 4688 7277 84 1813 8725 896 5062 6394 5571 2645 1395 7600 3499 4190 9051 5266 6277 6337 7164 741 7500 43 4608 6056 7609 3958 7423 8368 4235 1184 2233 40 1785 276 9942 7756 7146 8883 2427 7563 9951 4273 8638 5301 1312 717 6812 9143 8824 702 7614 8067 5304 3737 1408 2663 587 865 1759 721 6424 2700 9266 3566 7322 6471 873 630 3147 8870 9847 336 4563 171 231 6977 3072 8754 9438 1205 9407 8717 7363 7616 444 4270 3345 8002 7132 9500 3392 6427 7336 120 9027 2937 4276 2869 4336 3852 1006 5883 2166 7198 1118 7608 7930 5068 6199 6449 975 2725 7616 5272 5005 4060 9673 1331 997 2404 7793 6604 6342 7178 239 477 8632 7517 9872 5956 2551 4795 

1000 10000
2230 9749 441 6494 1193 3144 7044 7084 6725 9349 2748 5802 5708 1496 7849 3725 2598 4545 6832 2708 4783 2733 2385 7524 8063 3958 8831 4411 1353 678 2766 9917 9024 1064 8617 3127 6746 2620 2098 934 434 8567 5039 110 2143 2962 7300 1548 1562 9125 4233 7172 9882 9519 5275 1905 8956 5260 8346 3666 8326 6375 8373 6121 3011 8746 3957 3679 2080 2259 9224 8058 8902 9825 9419 3379 6791 9665 5986 9233 8661 7495 8828 9277 4039 6017 6351 576 7650 9995 8101 3522 8092 516 9901 8331 8425 4076 9098 4983 906 1375 476 6828 7981 8941 3418 4438 184 5747 1453 7968 729 2898 1340 319 8531 3379 6329 7979 9032 8923 5461 2711 7075 1407 2629 6746 7333 5876 4174 4232 4370 2880 4772 9388 5638 6721 9642 6128 2458 8583 5603 3734 8710 80 1518 1229 837 6248 3228 5396 1975 4207 3019 7397 6486 566 1353 3561 4848 7290 4378 5745 2698 5393 1032 118 1785 6566 2540 9989 296 6358 9975 9796 2097 3446 5973 2537 4500 2245 1067 6895 5347 6710 9323 7489 2788 6659 6682 9786 4381 4629 3978 4652 6402 5953 2510 4527 4711 8468 4286 201 7743 8082 7939 6109 8727 5210 2494 7950 1788 9125 741 3646 3757 1963 1127 2754 8128 3753 6712 5380 514 2399 6634 8302 4119 9137 2823 8774 2522 3632 7765 2759 2564 9382 8174 8206 4273 5068 4114 2524 6336 7534 2191 588 9478 2594 161 5789 6076 7170 9571 2267 7431 8630 1796 8638 7308 5044 543 4450 5185 3207 7479 2825 1764 2925 2253 1996 2157 4375 2582 3811 2662 7125 357 9201 6643 6405 5988 7255 4482 4065 8351 1095 6269 7910 5776 9796 3162 7573 819 9585 5655 2238 176 2847 8854 5445 2395 6305 7688 2682 8149 3998 4322 8752 3071 6828 833 4923 5900 7206 4427 8285 1553 3660 4410 9516 1087 6795 7941 3279 5183 6254 7604 8997 1189 1712 5234 1694 1906 7323 2704 1044 5221 1020 1125 2108 2485 489 7243 4270 4055 5617 6543 8071 7957 3076 4071 2243 1361 5990 1138 598 2050 3976 5259 4558 20 2478 6456 1110 7863 3318 6218 7738 7099 9104 6117 790 5908 2109 8423 9077 4352 3285 7855 6439 6398 4498 510 9985 2197 6989 3706 9715 1339 8192 8097 50 8665 7129 1345 7715 9599 5704 6434 6432 1053 7618 6911 6185 19 4453 3198 5551 6101 9272 5662 4368 5887 128 4374 909 8211 5047 8474 690 4273 4042 2811 9268 46 1071 8743 8208 7922 8605 8060 5693 3955 3346 5504 192 39 2270 7828 839 693 7735 4116 9601 6071 7080 3460 9040 2187 8613 1525 535 2324 4597 503 5093 8108 1386 6201 5166 8423 1908 5863 5519 2234 2653 1851 8532 5180 5933 7957 4253 8955 4881 6752 7535 1686 5143 142 9117 2534 6595 7156 7649 2570 9825 8981 591 8332 6291 181 2541 1810 5388 2249 2889 3397 2544 1576 669 8184 446 7649 725 4015 24 2020 5486 6178 7182 5932 8894 8846 8898 7611 2151 2557 798 4772 2958 748 8870 687 7940 9746 2177 4220 6569 3641 3759 4325 3570 3898 6916 6036 8545 8050 6281 5462 1830 8073 5874 5513 7180 832 2353 5098 8588 3757 4046 3892 5943 3735 6892 1235 5925 3356 8705 993 4185 1627 6790 1463 2598 5118 6534 4788 5619 5237 5439 3274 5730 2390 1237 8503 4746 6533 7575 61 9762 1814 8555 8743 6191 4186 6484 4975 4728 9257 6283 9398 5335 2708 3590 3559 3281 4403 2419 231 6968 9963 2461 7604 1237 7715 455 9824 7775 6562 186 5106 7006 3121 1559 3342 7415 5320 3532 2612 1363 1928 9476 9056 4020 6921 826 5115 2098 4384 2132 6790 4919 1508 6390 5371 3538 972 4922 9175 1319 9145 5122 3556 7231 9375 1234 4339 1693 6229 4790 1085 7247 7595 4248 1786 4081 3685 8314 8807 1444 8305 8423 6926 6909 415 1693 9365 2436 869 6825 6826 8165 292 1421 6058 2602 8229 8503 9222 6612 6858 9439 4147 9807 7104 1714 5056 8467 3537 5704 2544 9391 306 8680 7296 8320 7752 3511 6394 7095 1310 2576 8231 8511 5294 7066 1070 3107 4652 376 4385 3435 3762 8804 5269 2421 8841 4574 874 3187 5446 4668 5425 3780 6473 4774 8762 4477 5181 2377 3388 5957 2107 6290 933 225 6966 8524 620 440 5555 7077 83 7200 9647 8464 5644 5086 3109 384 3043 1275 4148 3223 4716 3799 3030 516 5996 2378 851 849 151 7110 4528 897 4054 6656 9921 8825 678 2686 4829 8239 5710 9342 9649 242 5673 9722 5948 6602 2491 9079 5249 510 6298 239 6017 4413 8165 8262 2601 1455 3838 7291 5773 9795 615 4027 2579 179 1434 9363 8673 7462 3299 9443 9096 4674 429 998 3775 4677 7724 2973 9214 2983 3180 5053 2676 5093 8003 3400 2214 5099 2163 1919 5716 510 3263 3666 1349 8133 2564 4180 4223 3830 33 1452 7359 8412 6934 1658 6937 1100 5551 2706 442 473 8692 7073 4566 1359 7598 6855 5110 4769 5996 769 6891 3905 5093 676 4969 8146 44 987 2202 5000 9963 9227 7640 5884 2941 267 7703 7281 2408 813 1686 2521 69 4062 6522 7467 1312 3496 4924 4337 5019 1467 6234 5057 3470 3491 6067 3023 9103 1449 2418 2052 2078 5438 9267 5503 2403 2008 4687 9205 3026 6307 4045 1302 8081 5862 9600 3629 1726 7993 8671 332 7051 7559 9900 4875 439 1622 4493 7524 4781 2303 6692 5007 3800 5393 4289 6935 6766 5806 7291 4790 6064 7049 7090 3164 5298 6984 7168 2936 9856 2346 6090 9078 9887 6651 8910 1351 1629 6445 1535 5890 3693 9922 8459 3085 9942 4819 8693 2999 133 7346 6897 1252 7470 7312 6841 2455 4326 8940 3669 9192 1788 1803 6542 5529 2895 4246 9865 6524 6098 5580 5233 9290 3268 9325 5879 7712 
2717 3131 7672 2058 6134 191 5708 8981 7844 4909 2705 3003 4566 9158 7318 8100 7420 1140 1500 658 6501 9725 2284 9455 1057 377 8330 8123 2749 8819 6319 709 2518 281 1723 2788 3853 1153 9380 6419 900 3516 2776 5355 766 8472 7316 7011 3796 4468 1084 492 7016 1571 8529 9470 3086 9867 8884 2091 9167 1513 8561 3147 5896 9215 822 7347 5471 4105 894 3703 9969 1131 58 1815 5984 6375 7280 177 4388 4719 6586 9034 9888 1826 5100 6130 412 4234 1677 7676 4070 499 9307 6400 6414 9682 5137 2132 460 5870 5076 3021 9945 7816 3203 7946 8960 4331 5377 5407 2624 9503 6517 2549 6050 3349 708 7432 9819 5424 7512 3029 6490 6129 3699 9205 6679 6443 3931 4147 7041 3163 9163 684 2087 6091 9433 9957 9335 9878 9125 293 3743 5344 5377 2317 940 2513 2806 7883 9194 8444 3985 8323 3939 8671 6442 1339 5500 3486 9639 5968 5752 3884 2520 2786 3844 7718 2928 5488 4456 5431 6803 3566 1131 1193 2625 3248 1254 8562 7164 4801 8898 9899 7951 3591 4886 7923 9261 7923 9638 6046 8699 5933 5356 3523 3862 2794 669 7012 1851 6368 23 4028 3270 1917 8349 8917 6057 3083 6378 1716 4537 2226 7922 6074 492 1174 9129 8610 1425 1995 4457 1915 2533 6808 1985 978 7751 8268 2814 718 3108 9924 4805 146 2286 7022 8359 2571 7309 8803 534 8308 5409 6433 5875 577 8877 9961 8751 8233 6504 1789 7656 6390 8066 8451 8853 9674 5863 9217 8906 75 9175 2534 6950 1763 8953 5662 9604 8651 3719 4086 2595 8424 382 3232 8706 7468 1357 3232 5779 7612 3596 238 3138 7177 157 3758 4620 4093 6685 1798 5850 5032 7507 2551 3867 9217 6769 7097 2833 6793 6764 7976 6628 5700 7283 1795 1211 3496 1243 3898 5719 7598 5033 5267 8670 8180 7248 7674 4137 2248 5811 2980 2744 4757 2565 8788 3785 3163 879 3995 1135 7312 1441 808 733 5233 1057 3385 8498 7955 388 417 9276 8188 7108 5307 7725 5937 8717 7069 461 9183 6157 3089 9659 5677 8091 9100 3174 5058 2527 8713 6107 6648 7648 3836 6133 3051 628 1183 5031 9892 6492 5873 4915 5191 8338 5079 7742 4443 3217 4190 624 3773 5358 1865 271 8653 5711 6431 1807 1466 8689 8615 7208 4509 887 7906 8862 5246 5007 5867 6887 6714 1679 817 7241 3679 7177 370 9355 3774 5256 6793 6316 8577 219 3283 7575 4073 1788 8130 1490 5860 2563 522 1531 5556 8480 7107 3264 1625 8834 6543 2070 6445 7609 4963 9615 9111 4464 5708 317 1676 3483 5517 976 9341 1873 2752 8896 5358 9256 7551 6925 3790 578 6391 5520 5223 7678 1265 8430 8984 8189 6295 6752 6831 116 2723 888 563 9498 9746 6991 1663 2033 3324 3392 6414 8472 309 9258 5222 1555 9511 5875 9226 5863 2845 6570 8585 7105 4834 5793 744 4589 9419 4180 1421 5082 527 9892 8069 4487 8024 2778 5762 7632 7142 5510 714 3463 3443 343 404 9321 2703 6489 1942 4616 9705 7193 6928 4662 2482 7095 7871 4971 7153 5056 5671 4404 4048 101 2144 1192 9110 9109 270 3364 4731 8918 5560 454 2548 1387 6067 6717 7627 8130 9853 5836 2806 1574 7109 3656 8599 1425 3730 803 1292 6443 1591 3178 2650 6024 2793 5493 8543 7244 2081 3829 7037 9123 8486 7752 9954 6813 6909 2059 6349 6537 3608 4963 6854 3839 255 3791 8160 1609 97 5627 9342 4757 6704 9307 8217 4196 9319 9784 6813 7597 1056 6475 5620 7691 5589 1083 8735 9083 7395 411 9541 6671 7393 4227 7499 8425 6684 2009 8575 4100 6850 5612 6643 8393 9648 2535 2527 7439 8856 2119 3822 1944 7703 906 9086 9567 3807 5176 8161 2816 2196 2096 9903 9710 9058 9078 7254 8735 9704 9795 9198 6768 5940 5827 9069 7746 7016 6080 8919 6972 3428 2678 9834 4849 510 8428 3959 5324 5443 368 7409 6314 9098 5375 2386 8757 6590 6168 5716 1149 2069 5795 861 6120 6008 6374 2989 5416 8954 8092 822 6654 5637 4906 4471 868 6399 7779 3248 8224 2193 7072 3829 3903 1438 2407 3022 764 8810 1833 8895 2876 6738 8520 2787 1234 2649 6951 5050 1067 4059 3548 7249 3157 1011 7742 1649 507 271 4397 4862 8449 2067 4189 9359 348 4289 7908 5174 7925 1713 6913 184 2013 7838 5332 6369 7167 4156 664 4527 2521 8034 7291 1958 7177 3005 2194 30 8035 6505 9123 9665 8416 9536 8238 2795 4905 7462 7618 6028 5024 7211 6135 5174 9278 6706 6028 5529 8640 7830 7434 6849 6570 1827 7915 7188 1875 2529 1411 631 3613 5086 3622 2759 7467 7407 8916 4748 2630 9136 2136 6838 8739 2490 2768 5631 7765 498 6612 1280 6023 6692 9235 9666 844 5183 3504 1042 2320 4204 8358 9734 3033 8859 3661 8392 9850 5077 443 5779 5710 8889 3158 9746 7723 6762 5551 8409 1289 4402 1286 5446 9138 9803 1630 4218 6094 6022 4683 338 7237 3127 9213 2542 2355 9799 5688 5383 2750 9543 1202 1149 4652 5059 9531 6562 6389 2326 2821 1685 9259 1167 7104 9275 4731 7542 224 5101 6196 2306 646 3707 4727 3003 2196 5578 7037 5273 2961 952 8244 1828 1474 6248 9649 8171 3385 89 8787 6687 1280 8252 95 6941 5448 839 2043 6292 3617 8056 3042 6423 1604 7881 1854 8116 1023 3361 6852 7951 8524 8551 4973 9631 5383 7352 3816 743 5959 5313 7569 5263 9444 245 880 6790 5171 7223 1292 2197 7884 3898 1186 3468 5855 3987 1115 5623 8126 4325 6905 882 9155 3826 5301 2921 4127 113 9435 2723 8236 1163 7114 1354 8550 8728 8015 6075 5099 7157 8658 3278 7802 3511 6222 9894 6004 6440 6570 3955 7799 5460 8420 5607 131 9694 3976 6416 3538 2541 

1000 10000
88 3621 176 3590 8849 3843 9332 209 3286 9355 1798 2222 9674 8730 1632 3096 4779 5703 7764 8932 6513 7727 1939 3318 4942 4118 2940 5893 9559 5390 3245 4628 6210 5346 7702 6968 8513 3122 9344 1807 4561 90 3174 2307 4468 2279 3199 8677 4028 8954 172 5003 1373 9860 1483 3496 6863 1274 857 7335 5121 8276 8198 7097 8081 2636 2346 4648 3801 9405 6203 5246 8813 7144 157 2746 138 7849 5949 4933 6642 9951 3309 3444 7368 7756 8042 2882 4783 4380 745 6032 3383 9639 2335 7035 6305 6192 3518 3855 7685 5971 3015 4241 9623 3670 6414 5860 3590 1939 3029 7683 4362 4013 4290 9069 74 2844 3291 8100 3460 4634 8200 8277 7553 9543 4771 717 1923 9836 5726 2958 2854 4722 1480 1913 1777 9412 3976 2871 4991 3597 7869 5652 3118 3669 4566 4379 8595 201 6481 8258 1651 4887 7379 7699 4642 4117 4877 3800 5338 9718 9011 9235 8097 603 2034 8297 6413 7957 2980 261 3254 8443 1137 5406 1400 2362 7900 3349 751 7406 767 5539 9082 9691 3126 1571 207 3491 6258 2383 3741 753 3123 3310 3106 5050 1095 5165 352 1163 3482 6894 2195 9079 1689 8572 670 8998 2860 6891 4547 4731 8408 5078 744 9421 5109 6781 9099 6670 1996 7305 1617 3481 471 7964 4351 3867 1342 4678 393 2896 1732 502 174 3339 323 5713 9792 5976 7268 2692 1433 699 20 2730 4464 7663 8689 3980 2071 6922 6999 5281 7254 5228 1238 8236 3293 8734 6822 3452 2604 3641 3191 3581 5711 9796 2956 7068 3688 365 5334 7394 4547 9287 1874 9603 4769 6041 7061 6783 6491 3516 3661 8309 2539 9132 6318 3089 3703 1600 3582 4162 1057 9736 3066 8451 6535 7212 916 7444 6239 7385 7339 5088 9944 1992 8414 9786 3329 218 5830 3430 7349 8523 9901 6976 3097 6604 6488 8808 6422 4235 3631 7122 2267 985 4662 1225 2121 7224 544 9839 7599 3705 3697 9202 5362 2064 8554 4624 2549 1180 1369 5792 6198 4377 5151 1974 8168 6387 9356 6487 6267 9869 3602 5487 7527 6657 1915 5353 5980 2147 7731 9206 7673 4658 6163 7326 4536 435 8247 379 9894 3712 2333 9079 5536 5696 2418 3421 2448 8230 7250 4265 78 6964 6914 3284 3624 5244 5867 5407 7008 6115 4439 6365 7259 5585 8391 3666 2119 2224 7690 2555 628 3562 9458 585 775 7277 5028 2934 1209 7200 3426 3746 2824 33 7192 5223 3825 112 1258 1355 6289 8396 8799 9793 7660 1779 2833 6426 8170 445 4563 917 1219 551 6992 7835 7019 2776 9250 1151 1525 9173 4338 8211 2606 5635 2416 8935 9434 838 4328 1000 1023 5774 624 3697 7693 5635 8902 967 2798 5002 6731 5667 3345 6406 3502 6519 6096 6951 3054 3733 246 6678 9752 1076 7014 5688 7672 9032 7208 8798 4887 2714 6679 6526 6355 5704 6111 7212 7594 6149 4877 298 2756 9659 3812 3405 4820 1513 657 3648 6055 5555 6561 1112 6018 8913 5042 2592 237 2513 1486 1756 8561 3372 1854 6966 9980 5166 9076 6532 410 9561 3059 6858 9170 3942 2079 1852 7151 5213 6628 2925 7021 1044 3203 691 9871 272 3780 7665 8595 2533 9802 840 4201 8803 2197 2908 5577 4568 8158 931 8616 2809 1200 4565 4104 6303 1761 6312 9842 7255 9442 6440 7574 2085 3243 3474 3079 5937 5816 232 5628 9204 2031 6487 4453 6398 5406 4069 1026 6285 890 2153 2788 2336 3898 2240 5196 6234 2372 8708 7648 86 3102 5551 1326 5226 3540 1612 7686 497 1131 6460 364 9341 4786 9953 5182 4309 8862 4758 1592 6888 5476 9220 4616 1454 7301 7512 6478 3577 3200 2601 56 9998 1605 8481 51 3103 4101 8105 5593 5734 1629 4263 9329 4094 6090 9016 2509 804 322 268 1470 1077 9041 3544 3173 980 8903 7561 9342 5036 4302 5196 4093 3083 647 1248 8425 8702 1896 9230 4219 8758 6676 6619 9354 8268 4783 9024 6337 1546 7559 5888 9391 7862 135 5252 1733 6048 2495 6247 5434 4405 3542 4169 2065 9693 6204 1389 9084 1834 2475 7580 4109 3435 841 2031 1560 8388 313 2132 5870 7834 7717 7061 4983 549 9627 7526 5433 3961 2741 2554 3747 4353 5045 2669 3862 5390 876 3658 6163 3293 2618 5217 8303 1872 3493 3998 4537 9424 9989 9962 2302 9046 1528 2720 1880 4787 3801 2342 6019 9248 7809 4613 7931 1099 1092 6769 484 9161 9112 6789 1020 8266 836 2692 5317 8117 1250 8488 1951 3485 7660 6276 8059 7894 2768 66 9178 6610 3673 3738 6803 8142 4557 2258 88 9898 1883 9404 3788 7719 8822 3894 6438 689 4291 6029 6286 1320 8429 2479 3875 807 9890 1251 8670 6180 7746 7714 3014 9583 3110 1641 4784 8165 8119 420 7181 9129 788 3269 2686 3732 5546 6991 4252 3088 5784 5047 2783 9018 8954 9013 2833 6336 688 5649 6059 8368 2136 806 9690 5829 1637 7291 4487 2437 8354 3073 1504 596 1826 3507 2764 7114 4447 2466 8172 3974 9304 9284 3582 4970 4508 8764 2129 4339 5103 2803 8965 5878 2161 3621 7295 5786 5853 6538 2400 2958 3142 9469 8614 7016 5515 7262 8410 7844 6850 9144 1969 2461 7653 4224 6490 6724 6484 7314 1643 2373 1641 8595 4933 132 2743 8719 1825 765 2951 2243 9499 200 87 9844 527 5834 4986 6926 4090 7529 5877 8554 2497 5211 3288 3150 3599 2951 1969 3932 3744 5532 9486 1337 7643 5276 2051 7576 6474 6724 1106 2191 1336 8829 9657 1524 4279 3502 9923 8447 4177 191 9079 3922 3219 7928 5105 7644 6066 9923 917 7164 1512 1600 1048 2707 9706 8010 6482 2840 2096 4499 5607 2414 6070 9185 6110 6477 223 4524 5353 2802 7880 7833 1030 7833 1145 3328 1804 4345 571 5534 6853 6067 1163 6578 
2527 788 2203 7630 5340 1889 6479 4176 1736 5681 230 4295 9000 4981 53 4544 1180 2831 7114 218 1378 2757 3194 9018 6249 75 9275 8350 9276 8339 5229 7402 7352 3676 1442 3055 6639 2138 7126 99 6273 5301 6606 2777 6451 7743 6922 7243 4217 9447 2694 7342 1497 7986 2374 1398 4964 7524 5053 2349 2604 3709 3844 862 4497 473 4223 926 5226 8105 6756 2507 5123 8298 3574 4145 5162 1445 9036 9661 8159 3294 4137 4352 272 6632 3380 7470 1827 4559 8187 3392 7418 8661 8833 8037 6413 8136 461 8549 7434 5686 4684 5887 1890 5777 2554 8203 9042 7828 8216 2504 4397 4517 2273 6711 4717 3000 6365 9204 7238 8629 2172 1140 4805 1592 5879 4061 9044 156 4410 6237 440 8064 4476 792 7445 8826 2163 211 326 1871 5655 6427 418 6973 1656 2056 6284 3922 9521 9851 9039 8322 1551 6531 8707 5209 3968 7940 3621 8211 9425 9979 586 323 5913 2337 2743 6872 6679 677 3730 5252 1297 2713 5046 6757 3579 1294 6528 6185 6264 8026 7039 6077 9660 1431 8124 8634 4713 2182 8614 9303 9716 1633 1211 606 920 7372 8852 2510 6264 7635 1232 1534 5235 5502 4993 1623 2918 8834 4996 2767 8428 4295 1921 7038 4011 7620 3279 2863 4867 4821 6742 8551 6353 1707 565 9960 5477 8891 7816 5092 7384 1032 9067 1974 583 4389 8252 2450 1212 1565 2019 865 517 2006 181 8801 7328 8475 8208 1462 7023 2178 953 5783 8429 2238 8387 6491 4844 5876 8491 4314 375 153 1922 2201 2670 3094 6417 6646 4556 8393 4878 6088 1478 1599 4289 346 1993 2672 5879 7492 7740 9251 766 7376 5483 8039 3752 3757 2611 428 6200 9648 7592 8319 8805 2958 9790 3590 1863 2524 4972 7624 667 7079 9314 7323 185 8840 3569 3307 4883 1290 6445 3099 5592 7249 5637 3455 2132 3738 5465 7477 362 3412 668 88 3726 6003 2526 3328 6638 6645 8977 2953 7580 9235 8784 899 1574 4744 6548 5290 3923 3359 5572 4135 7052 2002 9400 4358 7393 633 9084 6671 966 8569 1795 9080 8896 8982 117 7 4315 1041 1696 6116 5469 6622 5441 5461 2288 2256 1480 4155 6544 8160 5166 8526 6274 5121 3226 5965 7468 1133 8323 9853 7116 8066 2298 6894 5810 4524 1236 8183 7864 3973 388 895 5214 6373 2156 5775 7144 1474 4634 31 9154 4345 1712 4771 252 180 1907 1179 6538 8703 5866 4515 9717 5588 6474 9803 8362 4980 8611 9028 907 3897 9153 1890 683 6737 7885 6352 8102 8135 4390 9766 3737 5765 6617 7638 6044 8921 6256 1690 1551 209 8748 5937 9810 8842 31 1135 9420 356 6941 6060 9427 441 8835 4898 4366 3167 5725 9176 2540 5505 5351 5865 2885 391 2732 8210 4728 9953 6114 9422 8356 308 3841 2901 260 7894 357 2049 3025 6131 820 3811 1787 6093 245 9248 4188 9677 6059 4805 9714 7074 1941 3903 6499 2485 9957 3368 7646 2752 394 3305 8394 6568 8164 3662 4533 5652 9489 578 5514 1626 795 8752 6684 2672 6009 4091 1974 8550 5986 1331 1629 6082 2344 4560 4380 1357 5008 1951 173 7949 6115 5210 1262 2021 4436 7856 8769 4422 1094 3515 8102 5517 8190 3792 3842 5092 62 4234 5958 6914 5841 6328 7690 8695 4107 9913 9645 1730 6678 2037 5782 3676 4348 2617 4400 2672 6378 5758 552 9148 1130 7004 5898 6185 3083 8585 8904 5772 9121 7261 5984 9991 2621 9196 2462 1932 7287 5556 2330 614 4526 5371 7752 9528 2021 6211 9606 1822 4288 1404 6276 6645 2462 9251 9046 8699 6458 8406 9800 2415 4693 4628 5263 4703 2516 7412 1841 3075 3083 2718 7277 5948 5271 7390 6070 6622 7799 8986 4070 9387 899 8097 4646 7617 1969 984 8629 771 2855 6213 3781 5736 9771 8866 2194 3800 8869 1928 9364 7556 4516 5899 4466 7826 9126 4759 9200 9122 4292 3781 792 8710 2748 400 3511 8921 4375 1302 3226 2821 8798 3755 2485 7644 6246 6666 9075 5723 4295 874 4531 5896 9963 1792 3394 9561 3273 3153 4105 6895 1183 7923 684 4914 9147 8879 7540 2052 4977 7816 3640 1854 7741 9875 3414 6040 3115 5350 3743 7691 7989 8104 8644 163 6994 5372 8640 8279 2217 2705 2440 7881 1885 4037 5294 2387 6285 601 5523 7269 4016 5810 7338 5432 1141 7316 3841 4163 1041 629 9326 5563 3752 5875 5767 9760 3612 7021 239 1777 9729 1498 5876 2806 4279 4091 7619 3344 8717 8931 5392 3235 8487 5585 5108 8945 2282 8320 3093 429 7841 7615 8146 622 5600 7729 6333 7376 6366 4023 4438 8929 3225 1613 4136 6307 3753 8792 3522 3591 6804 3745 1381 8277 3547 2434 8969 2238 1052 4570 4492 9393 8865 7232 7447 7485 3043 5273 2659 5392 1404 5477 3303 4795 5997 3545 2040 2455 3427 9724 6590 669 4996 4620 8401 6628 3776 1642 7412 9980 7180 6406 4111 6015 4329 7431 2357 3699 9047 4526 8904 370 806 1811 9322 8961 1916 902 7204 604 2770 6329 2832 2693 508 1008 3416 20 9984 9250 3437 8221 8905 6437 1404 9472 7262 2700 2406 1709 5439 5444 1504 2832 6634 9089 598 6080 4382 297 7236 8037 198 7966 6411 6143 3784 7511 9595 8104 2166 1406 9151 3487 5764 1429 2181 1124 3640 2777 8171 6130 8782 6869 1231 7427 3609 7028 3172 1647 1951 2447 4536 1667 268 5970 3253 9451 2877 2532 8969 4599 6110 4489 5601 568 5097 3898 1546 5403 295 5740 8973 1244 6832 2665 613 1977 6338 611 6823 3210 4531 642 822 3507 2323 1860 1152 1021 7236 6930 7212 5609 2703 1017 1104 6051 8624 2412 9419 9755 1066 128 1086 5297 624 6362 8466 229 9986 8022 5695 1287 3864 9050 9984 5365 7399 6203 3204 9952 9133 7797 
