Case #1: 37 36 35 34 33 32 31 30 29 28 27 26 25 24 23 22 21 20 19 18 17 16 15 14 13 12 11 10 9 8 7 6 5 4 3 2 1 0 
Case #2: 758 757 756 755 754 753 752 751 750 749 748 747 746 745 744 743 742 741 740 739 738 737 736 735 734 733 732 731 730 729 728 727 726 725 724 723 722 721 720 719 718 717 716 715 714 713 712 711 710 709 708 707 706 705 704 703 702 701 700 699 698 697 696 695 694 693 692 691 690 689 688 687 686 685 684 683 682 681 680 679 678 677 676 675 674 673 672 671 670 669 668 667 666 665 664 663 662 661 660 659 658 657 656 655 654 653 652 651 650 649 648 647 646 645 644 643 642 641 640 639 638 637 636 635 634 633 632 631 630 629 628 627 626 625 624 623 622 621 620 619 618 617 616 615 614 613 612 611 610 609 608 607 606 605 604 603 602 601 600 599 598 597 596 595 594 593 592 591 590 589 588 587 586 585 584 583 582 581 580 579 578 577 576 575 574 573 572 571 570 569 568 567 566 565 564 563 562 561 560 559 558 557 556 555 554 553 552 551 550 549 548 547 546 545 544 543 542 541 540 539 538 537 536 535 534 533 532 531 530 529 528 527 526 525 524 523 522 521 520 519 518 517 516 515 514 513 512 511 510 509 508 507 506 505 504 503 502 501 500 499 498 497 496 495 494 493 492 491 490 489 488 487 486 485 484 483 482 481 480 479 478 477 476 475 474 473 472 471 470 469 468 467 466 465 464 463 462 461 460 459 458 457 456 455 454 453 452 451 450 449 448 447 446 445 444 443 442 441 440 439 438 437 436 435 434 433 432 431 430 429 428 427 426 425 424 423 422 421 420 419 418 417 416 415 414 413 412 411 410 409 408 407 406 405 404 403 402 401 400 399 398 397 396 395 394 393 392 391 390 389 388 387 386 385 384 383 382 381 379 380 378 377 376 375 374 373 372 371 370 369 368 367 366 365 364 363 362 361 360 359 358 357 356 355 354 353 352 351 350 349 348 347 346 345 344 343 342 341 340 339 338 337 336 335 334 333 332 331 330 329 328 327 326 325 324 323 322 321 320 319 318 317 316 315 314 313 312 311 310 309 308 307 306 305 304 303 302 301 300 299 298 297 296 295 294 293 292 291 290 289 288 287 286 285 284 283 282 281 280 279 278 277 276 275 274 273 272 271 270 269 268 267 266 265 264 263 262 261 260 259 258 257 256 255 254 253 252 251 250 249 248 247 246 245 244 243 242 241 240 239 238 237 236 235 234 233 232 231 230 229 228 227 226 225 224 223 222 221 220 219 218 217 216 215 214 213 212 211 210 209 208 207 206 205 204 203 202 201 200 199 198 197 196 195 194 193 192 191 190 189 188 187 186 185 184 183 182 181 180 179 178 177 176 175 174 173 172 171 170 169 168 167 166 165 164 163 162 161 160 159 158 157 156 155 154 153 152 151 150 149 148 147 146 145 144 143 142 141 140 139 138 137 136 135 134 133 132 131 130 129 128 127 126 125 124 123 122 121 120 119 118 117 116 115 114 113 112 111 110 109 108 107 106 105 104 103 102 101 100 99 98 97 96 95 94 93 92 91 90 89 88 87 86 85 84 83 82 81 80 79 78 77 76 75 74 73 72 71 70 69 68 67 66 65 64 63 62 61 60 59 58 57 56 55 54 53 52 51 50 49 48 47 46 45 44 43 42 41 40 39 38 37 36 35 34 33 32 31 30 29 28 27 26 25 24 23 22 21 20 19 18 17 16 15 14 13 12 11 10 9 8 7 6 5 4 3 2 1 0 
Case #3: 57 57 57 57 57 57 57 57 57 57 57 57 57 57 57 57 57 57 57 57 57 57 57 57 57 57 57 57 57 57 57 57 57 57 57 57 57 57 57 57 57 57 57 57 57 57 57 57 57 57 57 57 57 57 57 57 57 53 57 57 57 
Case #4: 283 283 283 283 283 283 283 283 283 283 283 283 283 283 283 283 283 283 283 283 283 283 283 283 283 283 283 283 283 283 283 283 283 283 283 283 283 283 283 283 283 283 283 283 283 283 283 283 283 283 283 283 283 283 283 283 283 283 283 283 283 283 283 283 283 283 283 283 283 283 283 283 283 283 283 283 283 283 283 283 283 283 283 283 283 283 283 283 283 283 283 283 283 283 283 283 283 283 283 283 283 283 283 283 283 283 283 283 283 283 283 283 283 283 283 283 283 283 283 283 283 283 283 283 283 283 283 283 283 283 283 283 283 283 283 283 283 283 283 283 283 283 283 283 283 283 283 283 283 283 283 283 283 283 283 283 283 283 283 283 283 283 283 283 283 283 283 283 283 283 283 283 283 283 283 283 283 283 283 283 283 283 283 283 283 283 283 283 283 283 283 283 283 283 283 283 283 283 283 283 283 283 283 283 283 283 283 283 283 283 283 283 283 283 283 283 283 283 283 283 283 283 283 283 283 283 283 283 283 283 283 283 283 283 283 283 283 283 283 283 283 283 283 283 283 283 283 283 283 283 283 283 283 283 283 283 283 283 283 283 283 283 283 283 283 283 283 283 283 283 283 283 283 283 283 283 283 283 283 283 283 283 283 308 283 283 283 283 283 283 283 283 283 283 283 283 283 283 283 283 283 283 283 283 283 283 283 283 283 283 283 283 283 283 283 283 283 283 283 283 283 283 283 283 283 283 283 283 283 283 283 283 283 283 283 283 283 283 283 283 283 283 283 283 283 283 283 283 283 283 283 283 283 283 283 283 283 283 283 283 283 283 283 283 283 283 283 283 283 283 283 283 283 283 283 283 283 283 283 283 283 283 283 283 283 283 283 283 283 283 283 283 283 283 283 283 283 283 283 283 283 283 283 283 283 283 283 283 283 283 283 283 283 283 283 283 283 283 283 283 283 283 283 283 283 283 283 283 283 283 283 283 283 283 283 283 283 283 283 283 283 283 283 283 283 283 283 283 283 283 283 283 283 283 283 283 283 283 283 283 283 283 283 283 283 283 283 283 283 283 283 283 283 283 283 283 283 283 283 283 283 283 283 283 283 283 283 283 283 283 283 283 283 283 283 283 283 283 283 283 283 283 283 283 283 283 283 283 283 283 283 283 283 283 283 283 283 283 283 283 283 283 283 283 283 283 283 283 283 283 283 283 283 283 283 283 283 283 283 283 283 283 283 283 283 283 283 283 283 283 283 283 283 283 283 283 283 283 283 283 283 283 283 283 283 283 283 283 283 283 283 283 283 283 283 283 283 283 283 283 283 283 283 283 283 283 283 283 283 283 283 283 283 283 283 283 283 283 283 283 283 283 283 283 283 283 283 283 283 283 283 283 283 283 283 283 283 283 283 283 283 283 283 283 283 283 283 283 283 283 283 283 283 283 283 283 283 283 283 283 283 283 283 283 283 283 283 283 283 283 283 283 283 283 283 283 283 283 283 283 283 283 283 283 283 283 283 283 283 283 283 283 283 283 283 283 283 283 283 283 283 283 283 283 283 283 283 283 283 283 283 283 283 283 283 283 
Case #5: 1 0 
Case #6: 3 4 3 5 1 4 
Case #7: 25 40 24 23 48 18 15 1 13 12 44 44 9 8 39 6 44 38 5 28 28 28 36 3 2 0 4 4 45 4 53 51 53 35 53 51 33 53 33 22 22 47 47 17 43 17 47 52 14 47 14 31 1 50 
Case #8: 70 16 68 15 65 14 63 15 12 10 11 9 8 62 5 61 60 81 13 81 59 74 74 13 69 6 6 56 4 4 86 2 83 69 2 54 51 0 82 49 0 58 58 58 46 47 66 73 47 66 33 53 47 24 53 38 50 38 71 50 44 44 39 39 38 36 22 32 36 21 35 35 32 27 19 32 87 30 30 30 76 17 27 20 76 76 20 16 76 
Case #9: 202 202 192 192 162 471 183 159 566 565 183 158 154 182 468 465 182 153 152 151 180 180 179 179 148 176 176 146 145 143 464 562 561 170 142 462 140 170 168 460 138 168 137 560 136 161 161 130 127 125 559 156 156 124 123 458 457 150 150 454 147 453 448 120 580 119 147 444 439 141 118 141 132 132 438 131 131 117 111 110 122 122 429 99 121 121 116 98 95 116 112 94 427 112 91 88 108 108 87 83 107 107 418 102 102 92 92 417 410 558 79 78 408 82 82 74 406 77 70 65 63 405 404 54 53 49 556 48 74 68 47 402 401 68 67 67 44 42 40 552 36 400 34 29 62 28 27 399 24 62 394 19 18 17 12 61 392 61 11 7 59 390 4 583 583 581 59 56 388 581 387 574 56 574 568 55 384 568 55 383 381 564 375 373 39 564 549 549 39 579 577 35 370 35 545 30 545 30 535 15 535 534 366 15 534 14 365 363 14 530 5 550 530 5 361 526 360 526 555 555 520 520 519 519 359 513 358 356 513 351 555 511 511 509 345 540 509 505 340 539 554 554 331 505 504 327 326 504 554 527 537 575 494 494 489 489 321 481 527 481 527 514 467 514 467 514 318 315 459 459 479 479 455 479 473 473 455 473 312 451 451 450 463 450 536 445 445 442 463 463 447 447 447 442 414 441 414 441 414 531 403 440 440 308 306 302 437 528 437 403 301 525 435 297 295 435 403 293 425 522 380 425 380 287 286 380 424 424 573 285 377 421 283 377 377 374 374 374 346 281 421 346 518 280 279 419 515 346 276 342 342 419 272 342 319 269 412 319 412 407 407 396 319 396 268 395 395 311 264 311 389 311 307 389 510 379 262 508 307 259 499 379 307 376 376 299 299 368 368 257 364 299 364 284 355 255 254 284 284 355 352 352 348 498 348 344 344 253 343 250 343 250 252 250 495 239 239 339 339 247 239 244 235 235 243 237 235 332 211 332 211 211 139 139 139 236 126 233 329 329 232 231 228 126 324 225 126 490 324 109 223 222 109 323 323 221 109 317 317 220 314 50 314 486 313 313 50 217 310 50 43 310 305 482 305 304 304 43 43 480 303 215 303 32 32 32 278 31 31 212 278 31 9 9 209 267 9 572 267 266 8 8 8 497 204 201 497 497 266 200 256 198 497 196 476 256 328 328 246 194 187 328 246 328 251 245 186 475 245 251 185 242 251 251 181 177 242 238 190 238 234 190 190 190 189 174 189 189 189 173 234 64 229 582 474 472 229 64 227 227 226 226 224 64 171 224 216 64 169 553 553 553 216 214 165 214 553 207 553 207 206 164 206 163 
Case #10: 241 239 237 197 197 236 191 191 699 235 189 189 228 188 582 227 223 188 184 184 221 183 220 217 183 182 215 212 182 211 180 578 180 210 207 206 575 670 203 173 173 164 164 153 153 669 201 151 199 151 149 149 142 573 142 198 196 138 567 138 698 564 664 562 122 561 560 195 122 193 557 553 192 119 662 119 106 106 190 93 186 93 91 91 90 185 551 181 90 174 550 543 86 540 170 169 168 86 71 167 71 162 70 70 161 66 539 661 66 65 160 156 155 65 146 63 63 145 144 537 61 141 536 61 136 58 132 660 58 131 53 129 126 53 36 36 124 31 532 31 14 121 530 14 118 117 114 696 680 528 680 522 680 521 657 112 111 694 679 679 110 104 101 679 517 615 615 99 96 95 94 615 611 513 89 611 611 606 606 606 512 87 510 494 493 85 80 595 489 487 78 485 72 69 595 67 56 483 55 48 481 46 595 38 476 593 35 34 469 593 33 29 27 655 466 26 593 23 653 580 22 20 580 16 463 580 572 15 12 572 462 572 547 547 547 9 5 2 652 1 461 0 651 533 533 717 459 717 716 716 650 715 715 533 518 455 648 453 711 711 449 693 707 518 518 444 515 515 707 515 441 706 501 690 706 705 705 438 501 501 704 434 488 704 488 692 488 470 470 692 470 691 458 691 677 430 429 427 677 458 458 424 647 426 665 426 665 416 426 421 421 421 417 417 659 659 417 710 406 406 406 658 414 645 658 405 649 412 649 646 639 411 646 410 408 644 405 644 643 405 380 643 380 641 380 407 641 404 638 640 640 634 634 357 632 632 631 637 685 631 629 629 684 357 625 625 357 621 348 348 348 330 403 330 330 682 621 402 401 323 633 323 602 602 323 302 302 302 256 601 681 601 584 584 579 674 579 576 397 396 256 576 571 571 566 630 628 566 555 256 555 544 544 250 538 394 538 626 393 250 250 623 392 391 529 389 622 529 242 526 526 242 242 238 523 238 383 238 523 218 218 511 382 376 511 367 218 365 213 509 213 213 154 509 154 499 364 361 620 499 360 484 484 473 154 127 473 127 359 471 616 356 127 355 107 107 471 107 74 74 74 468 62 468 354 460 62 460 614 457 62 45 45 457 456 45 37 37 37 352 569 612 569 569 569 527 527 527 527 351 456 350 447 447 395 609 395 445 607 395 395 445 443 349 390 390 346 672 443 343 442 390 442 605 390 375 436 436 341 425 425 375 375 423 338 375 362 603 362 362 423 422 362 422 358 337 358 418 358 358 418 415 415 273 399 273 335 399 273 671 273 332 599 398 261 398 329 261 378 328 598 261 378 377 326 261 377 372 157 372 157 347 157 597 157 596 347 345 345 334 147 324 321 334 147 333 591 333 147 331 147 589 331 60 327 587 327 60 60 60 322 315 322 307 8 314 307 8 301 306 301 304 298 297 294 8 8 297 296 296 293 291 678 289 285 295 283 295 281 280 281 277 277 270 709 270 678 265 276 275 265 260 260 678 257 274 678 678 654 257 255 255 246 654 246 654 654 271 703 586 583 240 240 654 230 230 317 317 713 317 224 268 262 224 214 317 214 317 208 208 688 688 688 204 259 258 252 251 688 204 200 249 688 200 688 248 247 245 
Case #11: 51 97 50 49 96 94 17 17 15 47 93 46 15 45 10 90 41 89 10 5 39 88 86 124 37 85 36 121 5 4 4 33 83 35 1 31 26 24 1 20 81 16 119 119 119 13 11 9 77 3 2 0 113 73 116 120 116 118 113 102 102 113 101 103 71 68 101 99 99 103 103 95 87 95 87 130 128 82 87 57 67 82 66 80 57 80 65 115 65 64 64 57 55 53 53 62 48 48 40 60 55 59 56 114 55 27 27 27 23 40 23 23 76 109 32 32 54 76 25 98 25 22 76 76 22 75 75 75 21 75 21 75 
Case #12: 801 203 202 200 800 198 198 196 192 191 195 195 795 189 187 182 189 597 181 188 188 179 178 596 179 177 594 794 592 591 162 162 176 790 589 173 171 161 161 154 582 154 153 153 846 152 170 152 143 581 143 788 576 575 130 574 166 573 130 124 124 123 165 163 123 118 567 118 160 159 158 157 156 155 149 110 110 566 564 148 779 146 109 145 109 563 97 772 767 142 97 559 91 91 85 140 85 556 78 78 77 765 138 77 66 66 57 57 135 555 554 55 55 134 762 53 53 52 552 52 132 128 126 550 548 49 127 122 121 49 544 40 120 40 113 108 34 34 102 761 95 29 89 543 759 83 81 29 79 74 28 28 541 540 534 73 72 71 70 69 68 529 526 63 26 62 56 26 23 752 46 36 23 35 17 751 32 25 22 525 750 18 15 749 17 845 845 14 519 513 845 9 8 820 820 512 7 820 511 815 3 507 2 1 740 735 815 838 838 837 837 815 811 835 835 811 811 832 792 734 792 792 832 506 810 505 791 502 810 791 732 791 498 729 809 786 786 496 725 495 786 809 491 490 757 803 724 803 785 489 721 757 785 720 842 784 757 481 784 739 739 739 728 781 714 728 728 713 630 479 478 781 630 775 630 617 705 617 775 617 474 773 773 571 700 766 766 571 571 561 758 758 473 746 746 561 561 557 472 557 743 469 557 547 547 743 742 465 547 464 461 742 698 542 542 542 733 460 733 844 730 730 726 527 527 527 508 726 712 697 508 452 712 508 711 711 493 708 493 450 708 704 493 704 476 476 703 703 841 476 839 693 696 696 690 475 692 475 690 449 475 687 447 437 432 471 680 680 678 678 471 669 669 665 665 471 429 462 462 462 443 427 426 425 424 443 685 655 655 423 642 421 443 395 642 684 420 641 419 395 836 395 641 640 386 834 640 634 634 618 418 618 615 416 386 386 615 361 608 608 607 607 361 595 595 590 590 586 829 586 361 412 584 356 356 356 351 584 411 826 409 351 351 682 329 329 408 583 329 583 579 312 579 312 407 312 284 284 284 406 578 578 677 276 577 577 276 276 267 570 267 676 570 565 565 675 668 403 562 562 267 558 264 264 402 397 264 394 390 558 549 549 253 667 253 539 539 388 537 253 250 250 537 387 250 532 532 531 663 246 246 531 528 528 246 374 373 238 238 524 372 238 233 233 371 524 520 660 369 520 233 368 367 230 516 230 230 366 219 358 516 515 658 515 503 219 219 657 503 354 497 824 497 205 488 488 487 656 353 487 205 653 352 485 485 347 484 484 205 204 346 650 204 477 477 459 459 343 341 340 204 454 454 337 335 183 334 821 183 446 332 446 440 183 440 328 438 438 180 431 180 431 180 413 175 175 175 327 322 169 413 169 169 144 144 321 144 647 320 139 139 410 410 139 114 398 398 114 396 114 635 396 101 101 318 391 101 88 88 88 316 311 306 87 87 87 80 391 80 80 389 51 51 389 51 305 384 384 383 33 383 33 33 382 27 300 819 382 381 294 27 27 12 818 12 381 376 376 293 12 291 4 364 816 364 363 4 363 4 0 290 0 362 362 0 822 286 359 359 822 339 822 822 285 282 339 805 805 281 805 805 278 273 331 331 683 683 683 683 673 317 317 673 673 310 310 271 673 631 309 263 666 309 258 307 307 666 666 666 628 301 587 255 252 587 587 248 587 551 301 298 298 292 551 551 551 439 626 247 292 439 280 280 439 439 270 245 270 428 428 428 428 269 241 405 234 405 405 405 269 400 228 400 400 224 222 625 400 257 350 257 622 621 350 249 249 350 350 348 348 243 243 348 217 348 808 242 254 242 214 213 610 254 254 254 603 239 319 239 237 601 237 806 319 232 319 232 319 319 227 44 44 210 44 227 209 225 208 207 225 44 223 223 44 201 599 201 
Case #13: 119 388 384 160 383 382 378 155 119 117 117 153 110 110 145 376 143 108 371 108 134 133 102 102 132 369 366 126 125 124 96 123 96 92 116 363 92 85 360 359 357 113 353 107 106 105 101 85 79 472 79 77 95 77 76 93 76 63 352 91 90 89 87 351 86 63 58 84 451 83 58 82 81 42 42 450 348 345 448 343 40 72 71 69 67 341 64 62 40 61 60 59 339 55 39 52 337 39 446 38 469 46 335 38 35 45 44 43 334 35 333 26 26 41 25 25 34 331 18 328 18 15 442 31 29 28 27 437 15 6 6 5 24 21 20 327 5 4 324 322 4 436 2 16 314 14 2 311 1 435 310 307 1 11 306 7 302 296 456 456 3 456 467 440 440 467 464 440 464 294 439 439 439 293 393 289 393 288 426 393 447 392 285 392 447 392 389 445 445 444 283 444 441 389 280 389 381 441 434 381 434 433 276 381 273 433 430 364 271 430 364 364 350 350 267 410 410 265 350 399 425 262 399 398 329 329 329 398 424 466 397 397 317 375 317 258 375 368 462 368 317 362 256 362 255 305 254 305 253 346 305 252 346 340 340 338 338 249 325 291 291 243 325 422 291 321 286 321 286 241 286 318 421 318 272 239 313 237 236 272 313 272 460 309 263 309 420 263 308 308 263 418 228 299 299 228 297 233 228 231 220 220 297 220 178 417 278 278 230 227 277 277 178 223 275 178 149 416 222 149 149 219 275 141 269 216 141 269 261 414 458 261 141 257 257 251 127 251 215 248 209 248 127 246 127 246 206 122 244 122 413 244 242 242 122 98 98 235 457 235 221 98 205 221 411 78 217 78 201 217 78 214 75 75 75 200 214 68 208 68 68 409 208 204 204 454 454 454 202 408 454 358 407 406 358 358 358 198 197 192 202 194 194 330 330 330 190 190 182 182 191 177 330 177 175 282 175 173 173 282 169 169 157 282 157 156 156 282 238 238 189 238 238 188 187 154 154 151 229 402 401 184 151 229 180 168 150 166 150 229 147 147 229 144 453 100 400 144 139 100 139 100 138 100 165 49 138 162 49 135 49 49 135 
