1997 1000
1000 2001
1999 1000
999 1999
1997 999
998 1997
1995 998
997 1995
1993 997
996 1993
1991 996
995 1991
1989 995
994 1989
1987 994
993 1987
1985 993
992 1985
1983 992
991 1983
1981 991
990 1981
1979 990
989 1979
1977 989
988 1977
1975 988
987 1975
1973 987
986 1973
1971 986
985 1971
1969 985
984 1969
1967 984
983 1967
1965 983
982 1965
1963 982
981 1963
1961 981
980 1961
1959 980
979 1959
1957 979
978 1957
1955 978
977 1955
1953 977
976 1953
1951 976
975 1951
1949 975
974 1949
1947 974
973 1947
1945 973
972 1945
1943 972
971 1943
1941 971
970 1941
1939 970
969 1939
1937 969
968 1937
1935 968
967 1935
1933 967
966 1933
1931 966
965 1931
1929 965
964 1929
1927 964
963 1927
1925 963
962 1925
1923 962
961 1923
1921 961
960 1921
1919 960
959 1919
1917 959
958 1917
1915 958
957 1915
1913 957
956 1913
1911 956
955 1911
1909 955
954 1909
1907 954
953 1907
1905 953
952 1905
1903 952
951 1903
1901 951
950 1901
1899 950
949 1899
1897 949
948 1897
1895 948
947 1895
1893 947
946 1893
1891 946
945 1891
1889 945
944 1889
1887 944
943 1887
1885 943
942 1885
1883 942
941 1883
1881 941
940 1881
1879 940
939 1879
1877 939
938 1877
1875 938
937 1875
1873 937
936 1873
1871 936
935 1871
1869 935
934 1869
1867 934
933 1867
1865 933
932 1865
1863 932
931 1863
1861 931
930 1861
1859 930
929 1859
1857 929
928 1857
1855 928
927 1855
1853 927
926 1853
1851 926
925 1851
1849 925
924 1849
1847 924
923 1847
1845 923
922 1845
1843 922
921 1843
1841 921
920 1841
1839 920
919 1839
1837 919
918 1837
1835 918
917 1835
1833 917
916 1833
1831 916
915 1831
1829 915
914 1829
1827 914
913 1827
1825 913
912 1825
1823 912
911 1823
1821 911
910 1821
1819 910
909 1819
1817 909
908 1817
1815 908
907 1815
1813 907
906 1813
1811 906
905 1811
1809 905
904 1809
1807 904
903 1807
1805 903
902 1805
1803 902
901 1803
1801 901
900 1801
1799 900
899 1799
1797 899
898 1797
1795 898
897 1795
1793 897
896 1793
1791 896
895 1791
1789 895
894 1789
1787 894
893 1787
1785 893
892 1785
1783 892
891 1783
1781 891
890 1781
1779 890
889 1779
1777 889
888 1777
1775 888
887 1775
1773 887
886 1773
1771 886
885 1771
1769 885
884 1769
1767 884
883 1767
1765 883
882 1765
1763 882
881 1763
1761 881
880 1761
1759 880
879 1759
1757 879
878 1757
1755 878
877 1755
1753 877
876 1753
1751 876
875 1751
1749 875
874 1749
1747 874
873 1747
1745 873
872 1745
1743 872
871 1743
1741 871
870 1741
1739 870
869 1739
1737 869
868 1737
1735 868
867 1735
1733 867
866 1733
1731 866
865 1731
1729 865
864 1729
1727 864
863 1727
1725 863
862 1725
1723 862
861 1723
1721 861
860 1721
1719 860
859 1719
1717 859
858 1717
1715 858
857 1715
1713 857
856 1713
1711 856
855 1711
1709 855
854 1709
1707 854
853 1707
1705 853
852 1705
1703 852
851 1703
1701 851
850 1701
1699 850
849 1699
1697 849
848 1697
1695 848
847 1695
1693 847
846 1693
1691 846
845 1691
1689 845
844 1689
1687 844
843 1687
1685 843
842 1685
1683 842
841 1683
1681 841
840 1681
1679 840
839 1679
1677 839
838 1677
1675 838
837 1675
1673 837
836 1673
1671 836
835 1671
1669 835
834 1669
1667 834
833 1667
1665 833
832 1665
1663 832
831 1663
1661 831
830 1661
1659 830
829 1659
1657 829
828 1657
1655 828
827 1655
1653 827
826 1653
1651 826
825 1651
1649 825
824 1649
1647 824
823 1647
1645 823
822 1645
1643 822
821 1643
1641 821
820 1641
1639 820
819 1639
1637 819
818 1637
1635 818
817 1635
1633 817
816 1633
1631 816
815 1631
1629 815
814 1629
1627 814
813 1627
1625 813
812 1625
1623 812
811 1623
1621 811
810 1621
1619 810
809 1619
1617 809
808 1617
1615 808
807 1615
1613 807
806 1613
1611 806
805 1611
1609 805
804 1609
1607 804
803 1607
1605 803
802 1605
1603 802
801 1603
1601 801
800 1601
1599 800
799 1599
1597 799
798 1597
1595 798
797 1595
1593 797
796 1593
1591 796
795 1591
1589 795
794 1589
1587 794
793 1587
1585 793
792 1585
1583 792
791 1583
1581 791
790 1581
1579 790
789 1579
1577 789
788 1577
1575 788
787 1575
1573 787
786 1573
1571 786
785 1571
1569 785
784 1569
1567 784
783 1567
1565 783
782 1565
1563 782
781 1563
1561 781
780 1561
1559 780
779 1559
1557 779
778 1557
1555 778
777 1555
1553 777
776 1553
1551 776
775 1551
1549 775
774 1549
1547 774
773 1547
1545 773
772 1545
1543 772
771 1543
1541 771
770 1541
1539 770
769 1539
1537 769
768 1537
1535 768
767 1535
1533 767
766 1533
1531 766
765 1531
1529 765
764 1529
1527 764
763 1527
1525 763
762 1525
1523 762
761 1523
1521 761
760 1521
1519 760
759 1519
1517 759
758 1517
1515 758
757 1515
1513 757
756 1513
1511 756
755 1511
1509 755
754 1509
1507 754
753 1507
1505 753
752 1505
1503 752
751 1503
1501 751
750 1501
1499 750
749 1499
1497 749
748 1497
1495 748
747 1495
1493 747
746 1493
1491 746
745 1491
1489 745
744 1489
1487 744
743 1487
1485 743
742 1485
1483 742
741 1483
1481 741
740 1481
1479 740
739 1479
1477 739
738 1477
1475 738
737 1475
1473 737
736 1473
1471 736
735 1471
1469 735
734 1469
1467 734
733 1467
1465 733
732 1465
1463 732
731 1463
1461 731
730 1461
1459 730
729 1459
1457 729
728 1457
1455 728
727 1455
1453 727
726 1453
1451 726
725 1451
1449 725
724 1449
1447 724
723 1447
1445 723
722 1445
1443 722
721 1443
1441 721
720 1441
1439 720
719 1439
1437 719
718 1437
1435 718
717 1435
1433 717
716 1433
1431 716
715 1431
1429 715
714 1429
1427 714
713 1427
1425 713
712 1425
1423 712
711 1423
1421 711
710 1421
1419 710
709 1419
1417 709
708 1417
1415 708
707 1415
1413 707
706 1413
1411 706
705 1411
1409 705
704 1409
1407 704
703 1407
1405 703
702 1405
1403 702
701 1403
1401 701
700 1401
1399 700
699 1399
1397 699
698 1397
1395 698
697 1395
1393 697
696 1393
1391 696
695 1391
1389 695
694 1389
1387 694
693 1387
1385 693
692 1385
1383 692
691 1383
1381 691
690 1381
1379 690
689 1379
1377 689
688 1377
1375 688
687 1375
1373 687
686 1373
1371 686
685 1371
1369 685
684 1369
1367 684
683 1367
1365 683
682 1365
1363 682
681 1363
1361 681
680 1361
1359 680
679 1359
1357 679
678 1357
1355 678
677 1355
1353 677
676 1353
1351 676
675 1351
1349 675
674 1349
1347 674
673 1347
1345 673
672 1345
1343 672
671 1343
1341 671
670 1341
1339 670
669 1339
1337 669
668 1337
1335 668
667 1335
1333 667
666 1333
1331 666
665 1331
1329 665
664 1329
1327 664
663 1327
1325 663
662 1325
1323 662
661 1323
1321 661
660 1321
1319 660
659 1319
1317 659
658 1317
1315 658
657 1315
1313 657
656 1313
1311 656
655 1311
1309 655
654 1309
1307 654
653 1307
1305 653
652 1305
1303 652
651 1303
1301 651
650 1301
1299 650
649 1299
1297 649
648 1297
1295 648
647 1295
1293 647
646 1293
1291 646
645 1291
1289 645
644 1289
1287 644
643 1287
1285 643
642 1285
1283 642
641 1283
1281 641
640 1281
1279 640
639 1279
1277 639
638 1277
1275 638
637 1275
1273 637
636 1273
1271 636
635 1271
1269 635
634 1269
1267 634
633 1267
1265 633
632 1265
1263 632
631 1263
1261 631
630 1261
1259 630
629 1259
1257 629
628 1257
1255 628
627 1255
1253 627
626 1253
1251 626
625 1251
1249 625
624 1249
1247 624
623 1247
1245 623
622 1245
1243 622
621 1243
1241 621
620 1241
1239 620
619 1239
1237 619
618 1237
1235 618
617 1235
1233 617
616 1233
1231 616
615 1231
1229 615
614 1229
1227 614
613 1227
1225 613
612 1225
1223 612
611 1223
1221 611
610 1221
1219 610
609 1219
1217 609
608 1217
1215 608
607 1215
1213 607
606 1213
1211 606
605 1211
1209 605
604 1209
1207 604
603 1207
1205 603
602 1205
1203 602
601 1203
1201 601
600 1201
1199 600
599 1199
1197 599
598 1197
1195 598
597 1195
1193 597
596 1193
1191 596
595 1191
1189 595
594 1189
1187 594
593 1187
1185 593
592 1185
1183 592
591 1183
1181 591
590 1181
1179 590
589 1179
1177 589
588 1177
1175 588
587 1175
1173 587
586 1173
1171 586
585 1171
1169 585
584 1169
1167 584
583 1167
1165 583
582 1165
1163 582
581 1163
1161 581
580 1161
1159 580
579 1159
1157 579
578 1157
1155 578
577 1155
1153 577
576 1153
1151 576
575 1151
1149 575
574 1149
1147 574
573 1147
1145 573
572 1145
1143 572
571 1143
1141 571
570 1141
1139 570
569 1139
1137 569
568 1137
1135 568
567 1135
1133 567
566 1133
1131 566
565 1131
1129 565
564 1129
1127 564
563 1127
1125 563
562 1125
1123 562
561 1123
1121 561
560 1121
1119 560
559 1119
1117 559
558 1117
1115 558
557 1115
1113 557
556 1113
1111 556
555 1111
1109 555
554 1109
1107 554
553 1107
1105 553
552 1105
1103 552
551 1103
1101 551
550 1101
1099 550
549 1099
1097 549
548 1097
1095 548
547 1095
1093 547
546 1093
1091 546
545 1091
1089 545
544 1089
1087 544
543 1087
1085 543
542 1085
1083 542
541 1083
1081 541
540 1081
1079 540
539 1079
1077 539
538 1077
1075 538
537 1075
1073 537
536 1073
1071 536
535 1071
1069 535
534 1069
1067 534
533 1067
1065 533
532 1065
1063 532
531 1063
1061 531
530 1061
1059 530
529 1059
1057 529
528 1057
1055 528
527 1055
1053 527
526 1053
1051 526
525 1051
1049 525
524 1049
1047 524
523 1047
1045 523
522 1045
1043 522
521 1043
1041 521
520 1041
1039 520
519 1039
1037 519
518 1037
1035 518
517 1035
1033 517
516 1033
1031 516
515 1031
1029 515
514 1029
1027 514
513 1027
1025 513
512 1025
1023 512
511 1023
1021 511
510 1021
1019 510
509 1019
1017 509
508 1017
1015 508
507 1015
1013 507
506 1013
1011 506
505 1011
1009 505
504 1009
1007 504
503 1007
1005 503
502 1005
1003 502
501 1003
1001 501
500 1001
999 500
499 999
997 499
498 997
995 498
497 995
993 497
496 993
991 496
495 991
989 495
494 989
987 494
493 987
985 493
492 985
983 492
491 983
981 491
490 981
979 490
489 979
977 489
488 977
975 488
487 975
973 487
486 973
971 486
485 971
969 485
484 969
967 484
483 967
965 483
482 965
963 482
481 963
961 481
480 961
959 480
479 959
957 479
478 957
955 478
477 955
953 477
476 953
951 476
475 951
949 475
474 949
947 474
473 947
945 473
472 945
943 472
471 943
941 471
470 941
939 470
469 939
937 469
468 937
935 468
467 935
933 467
466 933
931 466
465 931
929 465
464 929
927 464
463 927
925 463
462 925
923 462
461 923
921 461
460 921
919 460
459 919
917 459
458 917
915 458
457 915
913 457
456 913
911 456
455 911
909 455
454 909
907 454
453 907
905 453
452 905
903 452
451 903
901 451
450 901
899 450
449 899
897 449
448 897
895 448
447 895
893 447
446 893
891 446
445 891
889 445
444 889
887 444
443 887
885 443
442 885
883 442
441 883
881 441
440 881
879 440
439 879
877 439
438 877
875 438
437 875
873 437
436 873
871 436
435 871
869 435
434 869
867 434
433 867
865 433
432 865
863 432
431 863
861 431
430 861
859 430
429 859
857 429
428 857
855 428
427 855
853 427
426 853
851 426
425 851
849 425
424 849
847 424
423 847
845 423
422 845
843 422
421 843
841 421
420 841
839 420
419 839
837 419
418 837
835 418
417 835
833 417
416 833
831 416
415 831
829 415
414 829
827 414
413 827
825 413
412 825
823 412
411 823
821 411
410 821
819 410
409 819
817 409
408 817
815 408
407 815
813 407
406 813
811 406
405 811
809 405
404 809
807 404
403 807
805 403
402 805
803 402
401 803
801 401
400 801
799 400
399 799
797 399
398 797
795 398
397 795
793 397
396 793
791 396
395 791
789 395
394 789
787 394
393 787
785 393
392 785
783 392
391 783
781 391
390 781
779 390
389 779
777 389
388 777
775 388
387 775
773 387
386 773
771 386
385 771
769 385
384 769
767 384
383 767
765 383
382 765
763 382
381 763
761 381
380 761
759 380
379 759
757 379
378 757
755 378
377 755
753 377
376 753
751 376
375 751
749 375
374 749
747 374
373 747
745 373
372 745
743 372
371 743
741 371
370 741
739 370
369 739
737 369
368 737
735 368
367 735
733 367
366 733
731 366
365 731
729 365
364 729
727 364
363 727
725 363
362 725
723 362
361 723
721 361
360 721
719 360
359 719
717 359
358 717
715 358
357 715
713 357
356 713
711 356
355 711
709 355
354 709
707 354
353 707
705 353
352 705
703 352
351 703
701 351
350 701
699 350
349 699
697 349
348 697
695 348
347 695
693 347
346 693
691 346
345 691
689 345
344 689
687 344
343 687
685 343
342 685
683 342
341 683
681 341
340 681
679 340
339 679
677 339
338 677
675 338
337 675
673 337
336 673
671 336
335 671
669 335
334 669
667 334
333 667
665 333
332 665
663 332
331 663
661 331
330 661
659 330
329 659
657 329
328 657
655 328
327 655
653 327
326 653
651 326
325 651
649 325
324 649
647 324
323 647
645 323
322 645
643 322
321 643
641 321
320 641
639 320
319 639
637 319
318 637
635 318
317 635
633 317
316 633
631 316
315 631
629 315
314 629
627 314
313 627
625 313
312 625
623 312
311 623
621 311
310 621
619 310
309 619
617 309
308 617
615 308
307 615
613 307
306 613
611 306
305 611
609 305
304 609
607 304
303 607
605 303
302 605
603 302
301 603
601 301
300 601
599 300
299 599
597 299
298 597
595 298
297 595
593 297
296 593
591 296
295 591
589 295
294 589
587 294
293 587
585 293
292 585
583 292
291 583
581 291
290 581
579 290
289 579
577 289
288 577
575 288
287 575
573 287
286 573
571 286
285 571
569 285
284 569
567 284
283 567
565 283
282 565
563 282
281 563
561 281
280 561
559 280
279 559
557 279
278 557
555 278
277 555
553 277
276 553
551 276
275 551
549 275
274 549
547 274
273 547
545 273
272 545
543 272
271 543
541 271
270 541
539 270
269 539
537 269
268 537
535 268
267 535
533 267
266 533
531 266
265 531
529 265
264 529
527 264
263 527
525 263
262 525
523 262
261 523
521 261
260 521
519 260
259 519
517 259
258 517
515 258
257 515
513 257
256 513
511 256
255 511
509 255
254 509
507 254
253 507
505 253
252 505
503 252
251 503
501 251
250 501
499 250
249 499
497 249
248 497
495 248
247 495
493 247
246 493
491 246
245 491
489 245
244 489
487 244
243 487
485 243
242 485
483 242
241 483
481 241
240 481
479 240
239 479
477 239
238 477
475 238
237 475
473 237
236 473
471 236
235 471
469 235
234 469
467 234
233 467
465 233
232 465
463 232
231 463
461 231
230 461
459 230
229 459
457 229
228 457
455 228
227 455
453 227
226 453
451 226
225 451
449 225
224 449
447 224
223 447
445 223
222 445
443 222
221 443
441 221
220 441
439 220
219 439
437 219
218 437
435 218
217 435
433 217
216 433
431 216
215 431
429 215
214 429
427 214
213 427
425 213
212 425
423 212
211 423
421 211
210 421
419 210
209 419
417 209
208 417
415 208
207 415
413 207
206 413
411 206
205 411
409 205
204 409
407 204
203 407
405 203
202 405
403 202
201 403
401 201
200 401
399 200
199 399
397 199
198 397
395 198
197 395
393 197
196 393
391 196
195 391
389 195
194 389
387 194
193 387
385 193
192 385
383 192
191 383
381 191
190 381
379 190
189 379
377 189
188 377
375 188
187 375
373 187
186 373
371 186
185 371
369 185
184 369
367 184
183 367
365 183
182 365
363 182
181 363
361 181
180 361
359 180
179 359
357 179
178 357
355 178
177 355
353 177
176 353
351 176
175 351
349 175
174 349
347 174
173 347
345 173
172 345
343 172
171 343
341 171
170 341
339 170
169 339
337 169
168 337
335 168
167 335
333 167
166 333
331 166
165 331
329 165
164 329
327 164
163 327
325 163
162 325
323 162
161 323
321 161
160 321
319 160
159 319
317 159
158 317
315 158
157 315
313 157
156 313
311 156
155 311
309 155
154 309
307 154
153 307
305 153
152 305
303 152
151 303
301 151
150 301
299 150
149 299
297 149
148 297
295 148
147 295
293 147
146 293
291 146
145 291
289 145
144 289
287 144
143 287
285 143
142 285
283 142
141 283
281 141
140 281
279 140
139 279
277 139
138 277
275 138
137 275
273 137
136 273
271 136
135 271
269 135
134 269
267 134
133 267
265 133
132 265
263 132
131 263
261 131
130 261
259 130
129 259
257 129
128 257
255 128
127 255
253 127
126 253
251 126
125 251
249 125
124 249
247 124
123 247
245 123
122 245
243 122
121 243
241 121
120 241
239 120
119 239
237 119
118 237
235 118
117 235
233 117
116 233
231 116
115 231
229 115
114 229
227 114
113 227
225 113
112 225
223 112
111 223
221 111
110 221
219 110
109 219
217 109
108 217
215 108
107 215
213 107
106 213
211 106
105 211
209 105
104 209
207 104
103 207
205 103
102 205
203 102
101 203
201 101
100 201
199 100
99 199
197 99
98 197
195 98
97 195
193 97
96 193
191 96
95 191
189 95
94 189
187 94
93 187
185 93
92 185
183 92
91 183
181 91
90 181
179 90
89 179
177 89
88 177
175 88
87 175
173 87
86 173
171 86
85 171
169 85
84 169
167 84
83 167
165 83
82 165
163 82
81 163
161 81
80 161
159 80
79 159
157 79
78 157
155 78
77 155
153 77
76 153
151 76
75 151
149 75
74 149
147 74
73 147
145 73
72 145
143 72
71 143
141 71
70 141
139 70
69 139
137 69
68 137
135 68
67 135
133 67
66 133
131 66
65 131
129 65
64 129
127 64
63 127
125 63
62 125
123 62
61 123
121 61
60 121
119 60
59 119
117 59
58 117
115 58
57 115
113 57
56 113
111 56
55 111
109 55
54 109
107 54
53 107
105 53
52 105
103 52
51 103
101 51
50 101
99 50
49 99
97 49
48 97
95 48
47 95
93 47
46 93
91 46
45 91
89 45
44 89
87 44
43 87
85 43
42 85
83 42
41 83
81 41
40 81
79 40
39 79
77 39
38 77
75 38
37 75
73 37
36 73
71 36
35 71
69 35
34 69
67 34
33 67
65 33
32 65
63 32
31 63
61 31
30 61
59 30
29 59
57 29
28 57
55 28
27 55
53 27
26 53
51 26
25 51
49 25
24 49
47 24
23 47
45 23
22 45
43 22
21 43
41 21
20 41
39 20
19 39
37 19
18 37
35 18
17 35
33 17
16 33
31 16
15 31
29 15
14 29
27 14
13 27
25 13
12 25
23 12
11 23
21 11
10 21
19 10
9 19
17 9
8 17
15 8
7 15
13 7
6 13
11 6
5 11
2 5
9 2
6 9
3 6
11 3
2001 11
