21

3 5
9 8 1
3 4 3 5 2

3 5
1 4 8
4 7 9 5 5

9 11
784 329 579 747 403 125 306 147 364
961 541 216 503 356 88 593 171 174 143 509

9 11
118 276 862 547 780 101 760 140 743
196 65 452 586 840 108 94 268 207 894 566

9 11
327 101 232 235 753 108 412 394 271
881 781 187 773 468 135 869 146 706 224 246

9 11
23 625 571 402 977 316 239 40 70
389 994 626 473 809 521 791 307 211 164 221

9 11
534 45 892 142 59 261 654 224 548
744 305 859 97 609 66 579 530 598 293 179

301 396
7861 3949 6493 3367 6814 1370 4081 1550 2998 3926 7836 8041 2764 5197 6350 7937 8609 8389 454 1796 195 1826 9137 2674 6091 836 7099 4054 5486 1747 1213 4121 3474 107 8346 9167 9362 7882 1319 4092 9729 8978 8277 2866 7669 9889 1222 2931 8080 7069 9476 9924 9904 2924 1561 3954 6861 5049 611 5245 8596 4058 9172 2083 2542 3342 7661 2078 2406 1772 4047 7592 6909 3684 4719 3660 1016 6388 7526 217 3687 3439 7413 9818 7922 1859 8990 3218 9047 8991 3339 705 1635 8171 1254 6563 8729 4033 1787 9239 5183 6764 8102 400 2688 8937 9489 7610 6975 6405 961 6639 9302 7557 4318 6867 4337 5015 339 3026 5385 1459 6177 8436 894 8511 5700 9052 9886 240 8917 5197 2068 7917 5225 4116 8535 5191 1255 9660 8354 7932 595 8101 5716 3133 7708 4002 1188 9169 1381 7431 7633 9147 5766 6863 8191 6144 1104 7031 2332 687 5200 4077 1153 6371 4610 860 423 9478 6765 3464 1356 2482 4071 7299 6365 1993 6777 9530 7731 5363 6337 5846 9730 916 9792 1861 3656 5500 1837 4643 2101 575 8038 7022 4572 9313 8877 3239 9830 8121 4298 5506 7839 9167 1604 5723 9532 2445 9297 2425 931 2905 7455 5570 3042 4249 1971 9327 6089 4635 7090 4568 4217 2234 2288 99 164 611 1068 9238 191 9649 7109 1327 8746 3072 3236 4340 5234 3495 6298 2692 118 7509 4792 4423 9277 6278 6005 897 633 2033 1332 9706 4067 5160 9528 2956 4704 5727 7166 5635 5685 5192 8726 9466 5382 6631 1476 7428 9582 5622 9788 8060 43 6412 9181 3099 5163 76 6657 3636 5886 8102 9436 585 2241 4675 2370 5735 8217 2490 1312 9939 7567 6199 2162 4381 2404
6500 4539 774 1020 8250 5012 2083 7254 6982 1620 479 1993 3964 2705 2050 7418 8942 729 1288 6828 8154 2059 4097 4383 5668 2054 2188 1227 8474 1510 1651 8527 3108 2089 8483 3378 5746 5270 9753 1188 5485 6370 7258 5571 4617 2099 2266 1554 5034 3839 8642 5442 9853 8549 8758 4829 618 4913 5974 4210 8125 234 6299 273 8143 6415 3553 2752 4313 9004 2201 808 6617 1418 5827 3682 1999 9088 3315 134 9853 8564 3674 20 4706 6872 849 3971 4555 723 5706 4734 5003 3529 3526 5778 6111 561 9065 3925 1385 2873 648 5952 3833 1966 1157 4852 3328 8132 2386 2734 1008 4763 4833 1783 5292 7989 601 9835 2022 762 6937 7703 4627 8289 8127 4676 6910 1135 5779 7545 2313 6065 2476 8134 6612 6945 8792 2040 8025 7362 5609 5984 6735 8 6967 382 7370 1144 7739 9071 3570 6084 7972 5947 6896 9571 7761 6445 5298 7332 6284 9382 3762 9037 3032 7166 8102 6734 3536 6110 6302 8316 4065 6397 1044 1799 1355 6568 8306 3916 5401 9525 5212 6205 1972 9468 1866 9200 8511 695 4892 5776 1423 7464 5356 8227 5571 717 976 5489 6266 5118 3276 609 2195 5408 9549 9705 7750 3070 4234 592 9344 6369 2381 4186 5660 61 5496 7257 7465 9978 1277 368 232 4463 5584 360 7313 5900 2241 2179 8826 212 4720 7110 2620 8644 9280 615 9125 6709 3046 376 3125 3778 1046 8959 6827 871 8395 7644 8587 1118 3919 2262 4837 4175 4542 2600 9863 7168 6457 9657 9647 5169 872 5345 8292 578 8022 8741 471 8610 173 116 4920 1304 4802 9695 9042 4262 430 8064 1507 9001 4150 8894 193 6037 2365 6973 44 5612 216 4094 1363 7272 3488 5833 459 6156 7902 6100 4299 7573 471 6474 2977 7331 723 99 6858 1456 1789 2383 2369 7330 8980 7361 8108 2221 1275 1674 817 3933 4797 3657 9573 4540 8815 2600 7956 5408 534 8470 9994 8392 1253 2967 7260 4484 1364 7541 708 6795 9900 8470 6517 7607 7546 6874 1783 7439 6458 7332 7193 1346 1032 14 8542 5070 311 8861 6636 1596 3121 8306 1126 2135 6088 3151 9983 9249 3427 6532 7280 3752 1260 9913 1843 5235 1466 9056 488 3243 1948 2583 5987 1255 7898 9724 920 2290

416 384
3654 6580 2086 9672 7550 9912 3227 8427 4912 8283 5427 8208 6697 487 879 5164 4850 53 3496 39 3782 4659 2380 6992 7919 9178 1317 1680 262 4852 93 94 8494 3122 8098 5307 2778 4032 5983 4962 131 5111 4203 5683 8357 5393 342 8020 9084 2488 9110 4802 2856 2636 7948 4456 3353 1060 4646 2088 3151 2096 9032 3027 5089 42 3130 4851 4649 1245 9975 6731 7866 9337 293 7921 1234 9560 101 5165 6416 3320 1644 6264 6458 7376 791 5441 7076 5084 6765 7973 9317 1699 5157 9905 9853 5188 8222 609 5279 9477 9589 2934 6136 9106 9972 504 6516 5031 8287 4523 1025 155 1288 7165 9357 2171 9068 4791 2885 8240 4406 7244 3111 1166 2621 2413 6816 547 2780 3248 2353 975 7891 3010 4994 4297 9860 1309 5186 4313 5393 9279 2673 1938 5514 1360 7807 6211 5828 5337 4883 205 9231 4266 2170 2827 8602 31 644 8666 3755 2667 5190 2989 1613 9716 7284 4547 3374 4127 6633 1759 8781 496 4416 9979 1911 4631 9284 8329 5360 2316 5270 212 5884 1272 2740 876 1887 8090 8534 53 5576 808 6111 6098 1160 9681 237 6041 5717 1873 9879 1956 3206 1312 3541 2426 4590 1968 8397 89 1043 5701 4883 9663 8035 4223 504 913 7691 6561 479 1672 6238 5117 5837 2403 3580 4638 1781 9209 4102 6923 9234 8670 2798 8174 4436 9401 9896 4161 4297 7236 966 1204 5434 8977 2663 5918 3693 4680 1345 4434 6243 2035 3515 7999 1478 4917 7399 2068 8243 6418 6356 8421 7523 1205 8358 6436 9249 1757 2505 1211 9050 9092 2483 93 1711 5473 8099 6231 1253 970 228 611 7373 7235 3087 1159 318 1913 6004 9011 6707 3734 2193 9407 7345 3692 5951 2049 2512 3324 1187 7633 4716 7875 3019 5827 4669 2664 7253 2955 5329 7946 6844 969 9686 292 4054 4945 7093 710 4592 4163 405 9806 1907 5958 4930 3368 3889 111 4267 7455 9841 1914 6788 7819 2524 6467 2668 1317 1667 142 9590 2245 3479 8555 103 7050 1877 8321 8838 6251 8548 2358 1263 1413 4495 9880 5841 8196 7681 6733 9768 1841 4533 372 4791 8371 6217 2956 9056 7048 6136 9567 3516 7263 769 7622 3538 5330 7182 48 1408 6840 2173 17 1079 5668 137 2877 8412 7670 2562 5021 9200 4460 4175 5541 2300 2591 4530 9489 8420 1530 8206 3716 7602 4457 727 2274
8726 9598 7449 9542 7615 7416 3927 1580 4215 6904 6445 7991 413 1548 4584 2453 3546 5418 2399 4817 4447 6272 1378 8169 9203 218 8195 2129 5820 5603 1054 3061 2973 4010 2697 7001 492 3009 6359 5459 9923 7942 1221 6488 6197 7048 1513 9695 7352 5052 9973 9365 4766 5077 7700 3968 8180 208 4870 1268 654 9806 8930 1568 247 1746 9832 1100 3973 6251 218 5582 3933 566 2071 840 4497 4968 3000 9611 3232 1795 5504 9487 3620 9446 8764 5161 4803 3839 7651 4834 6319 707 2626 383 6052 5950 518 2610 4717 5003 6954 1922 2987 5002 8463 5047 4211 3850 6110 9078 8361 7684 8815 5312 5555 2561 3280 4471 3060 1575 1194 6421 9811 1639 7916 1242 718 2888 7031 637 172 2067 6940 6705 1778 4402 3793 2638 9046 2614 9146 9529 1781 1830 5428 8786 3731 3642 8624 5724 8138 2021 4107 2980 5667 6266 1731 5548 7191 5718 6188 6665 6703 313 4916 7721 4951 8014 7963 4248 2371 6214 8071 8401 5819 6111 4149 7865 5762 1795 9128 1046 4572 6641 9185 796 9840 4119 2219 7714 8915 3163 467 6149 250 5551 6932 6560 2318 1573 9393 4145 6813 8942 9965 6436 4398 4393 2766 3079 8388 6797 5812 7871 4448 1967 2633 3083 9820 4983 891 6350 2297 9942 6733 1597 683 2275 7155 3401 5903 4178 3743 9961 3769 8174 4238 7878 3791 3440 1929 9063 1719 8726 4782 3953 7528 6237 3096 4808 7620 679 4338 6577 4463 8716 4164 6698 4136 2070 6185 4109 5928 9533 2999 8608 5846 2080 3489 5031 2063 2406 2478 3536 4688 2172 4970 7554 5833 3691 6133 7981 3607 7320 1204 5661 9712 9357 1538 7604 6773 851 436 1747 8722 3727 3221 1155 7887 3036 1065 8458 6217 3443 3125 1895 4809 8547 7809 4766 4158 1625 3535 9714 5105 197 9897 9769 4483 1853 7594 4735 2899 3344 5113 993 9395 1351 8600 3393 3372 6001 1639 1979 2860 3263 3634 277 4298 7942 5057 3368 2464 3836 9624 6373 4448 9665 738 2302 4142 8784 7903 1627 2248 8246 6915 7405 6533 187 6891 7255 3515 444 1209 827 4344 3902 1111 7574 4143 8732 6322 2423 5969 3818 847 9802 9626 1974 1111 4996

357 347
6293 2452 278 7996 5723 8826 6850 640 7161 4597 4659 20 4394 9852 9426 8515 737 8308 6490 9758 1670 7670 286 9621 7280 7528 7555 8354 8717 325 5249 1577 3845 2650 3780 6545 7566 500 6473 4825 3950 1917 3983 7502 3872 852 1863 3918 4071 6646 2111 3200 6769 4798 5757 2258 4684 6958 732 66 5688 9670 9172 8425 7269 7993 925 9417 100 8506 2045 51 9197 6979 9493 2509 2069 3077 2501 817 1376 4555 998 8837 5128 4873 5239 5978 7222 6101 4780 3860 4927 6952 3448 6783 1611 8711 1609 7961 4354 991 8311 6520 3710 6574 7736 5775 6522 8497 4525 431 6264 2575 871 3089 8668 9487 2168 8619 5335 4954 1246 1664 6873 9353 5441 1173 6246 9818 7553 348 3405 8659 1163 5086 4474 2424 2025 6769 3345 1184 276 1133 7320 5116 3643 4081 5568 8102 561 4674 663 6360 434 7146 6630 6742 2800 742 343 2333 7993 3518 2027 8048 8426 9681 6931 6214 3687 7386 6525 8669 4105 517 5580 770 3854 7494 4437 1002 3513 3779 8653 577 4461 3240 8201 2537 4762 1567 4676 3039 9278 1415 4948 7105 6855 957 3598 7007 8773 5756 1965 3640 1796 9401 8580 286 9364 8135 7626 4727 7855 7509 4010 4803 4127 408 8638 4289 1179 6778 2799 2228 2117 8299 1807 6182 549 7821 2114 4979 6262 197 4948 2519 6538 3903 9806 299 9166 2441 8733 9107 4517 8892 1486 9262 5247 9401 4612 632 2833 3622 5391 534 9912 9948 7968 4095 4182 2283 4426 554 7677 7600 978 4713 7465 5519 5774 5023 741 102 4625 1660 8866 5352 4304 6196 2771 9855 3650 2022 4173 4458 1603 9764 599 2731 5980 8687 4991 6164 2808 9863 6451 6950 341 1610 2457 7143 9444 630 4961 9191 6412 5359 5217 1138 7715 9282 9101 1213 8238 9788 4747 1277 6441 6387 2450 8251 89 4212 8337 1860 5973 218 3302 5460 8867 964 4066 4388 5639 2427 8780 2336 3261 4906 8193 7213 7293 7154 3804 904 6720 9122 4279 4532 1740 7150 2626 3398 2014
8895 9044 2502 3018 8442 3390 3486 103 4046 8533 1181 502 3652 4442 1808 2127 7709 3035 8726 9644 3323 3791 9005 7989 5920 300 7259 5095 6348 6124 9700 2513 8071 5477 7112 1512 8388 7229 1082 354 2837 9767 2744 2872 3748 6988 1818 1082 2345 5594 3777 2547 7802 3858 5508 1534 5141 1865 8916 8499 142 6047 9870 3450 213 4795 6011 5096 6286 8419 3459 6440 2813 8645 4395 4670 1179 4850 2274 9855 5158 6372 5338 7649 5463 863 9538 3378 656 7904 7996 9600 8158 8850 2319 6803 980 6940 5994 7359 733 1213 2918 7695 7169 3605 5058 8525 5785 7454 8434 7753 719 2217 6997 93 3556 3132 8704 782 4947 3279 7121 7357 4201 2178 6740 2015 3222 5982 691 636 6127 5743 614 5949 2317 3216 7901 9372 5400 6153 2143 2372 6271 8805 6762 5508 1489 9323 2950 1109 6057 8656 2425 6186 4890 6607 2935 2195 126 4325 4998 2546 1094 2172 2450 9467 3825 551 631 4501 6183 8733 9836 9911 9912 2456 9123 7323 1699 9228 7800 4938 9424 762 7599 9765 6575 6601 4798 7906 9077 9440 5747 2534 7503 6930 4395 3263 4937 8872 9340 7128 2036 5772 2759 541 5628 7774 3225 6229 4903 5709 6784 1170 808 649 4510 2674 6788 8571 8665 147 8598 3275 184 3494 6759 7099 3126 5780 2511 5075 7570 2610 5361 5765 4453 211 1331 8060 57 4774 1559 7889 5271 5194 2092 4972 4010 4107 4648 98 6342 3860 3197 214 1682 1554 1624 2516 9728 1560 3471 6702 1958 5717 4889 9734 1942 2516 9594 3385 3323 6612 837 3632 6905 5760 663 8913 1714 404 8119 5172 9356 782 2477 9669 9070 9757 1521 5344 4108 7454 2302 9907 9215 9061 9197 8465 9342 463 9996 4234 672 7373 8548 8825 7325 9166 1120 176 7302 1817 167 2434 3040 3245 7326 4251 7710 1389 4720 6829 606 9320 6944 5750 7385 1255 3378 656 9252 8928 6702 5199 605 8624 796 1520 1277 2333 6224 4863 9208

279 284
1858 5869 7804 8197 3307 6595 7254 4227 2861 7093 355 692 3908 7685 4138 343 4896 9078 1988 798 3514 4777 7676 2132 2489 108 7439 5435 3800 5816 365 4508 2382 9844 7947 2475 5891 7404 8044 1068 3347 6734 4109 3041 5385 8291 8758 7529 2958 9589 5522 759 4894 5005 7391 4793 2293 622 8459 4572 2311 521 1995 330 7834 8685 4625 6345 2926 7527 7963 3874 8720 8188 447 3262 1780 1316 5486 1176 4408 3656 772 2863 4500 5598 577 4775 4504 9451 5135 4437 5676 9166 9513 7719 4615 2131 3114 9877 7476 6413 3361 1619 9397 7965 370 6799 921 236 3713 7233 8277 6371 5873 9829 3077 8509 253 2365 135 8173 2327 8762 8949 7986 6347 835 4464 6102 1171 9002 3897 8762 6828 3775 676 1587 7640 8750 8779 3032 1430 4025 2602 7272 1896 7861 5102 8491 4398 9447 42 1783 8837 5439 7716 3779 7084 6919 3341 2911 2088 6361 830 1649 9865 7789 9030 2882 4064 1130 3929 6338 847 1327 142 8253 1104 6865 5340 4930 1103 1086 8162 5221 2397 2107 5335 5848 3577 4993 9645 5848 582 4064 3536 3721 9333 2524 8409 8557 5050 6093 6000 6446 2722 7850 4759 1346 1476 3846 9858 4977 9970 6334 8984 69 6895 1368 7723 6335 9112 6768 3725 7379 7583 5543 5014 2756 7269 824 4232 8882 2973 9926 1259 2366 2500 349 3728 66 1682 4735 6699 3350 9339 8971 2032 1552 2768 2086 8436 893 4309 3890 8403 6241 3243 3343 4892 422 9178 1612 5128 9042 2045 2219 1733 3776 8198 4762 2439 4462 1871 9782 212 3047 7079
4041 9852 2767 1724 9639 4242 1068 9294 5997 5972 8123 8549 816 9782 9432 7882 6945 8517 5349 5412 2328 1928 896 4602 418 8343 8927 8101 3628 356 6782 7818 1815 2974 8979 9725 475 1351 835 3153 6671 1031 9685 1661 4905 7997 6325 6655 1849 995 5388 2369 278 4823 5764 9190 7331 3888 6050 2229 1284 505 9583 3774 2576 5768 6683 2826 440 1510 626 8332 4299 6642 3399 474 9716 3142 7367 6385 2693 1730 1071 5845 444 9671 611 6209 577 8299 2120 822 4135 1368 2510 4524 2508 8860 9588 1845 1856 5194 4475 2106 3287 3889 5275 5800 2206 8125 6235 264 4609 3039 1806 5155 4752 5898 7894 6941 2796 5990 5000 9491 652 8893 3005 7443 2603 3635 9203 5682 833 8484 8016 7790 3591 9592 6219 7798 5408 1510 888 6612 2015 8315 8363 3989 3900 4147 8704 5392 7639 8479 4984 9871 4042 3901 1022 7217 1936 4456 3874 6043 1910 2908 4668 5788 6365 824 5360 9879 7091 579 5683 7385 8032 6290 3056 2860 7419 8453 5584 7913 6542 7476 1322 446 1870 8034 4076 8288 4986 5323 5865 2404 7265 606 9619 9896 1827 5266 2313 9378 9024 4047 831 4195 5937 38 4291 9435 1111 7657 179 2691 6646 7004 6845 5909 9149 1122 7365 8580 8332 9065 615 2822 4315 3610 202 6816 5211 6571 1864 4067 7986 2113 8499 5583 5521 3349 9395 4011 716 9688 3754 6064 859 4722 3711 1724 8263 9592 5396 349 8118 1596 6899 8021 5977 8793 7091 6084 2447 3359 3025 6198 1431 7753 3134 3543 6713 6893 954 5038 4792 1599 7669 5397 3712 4404 6751 2292

403 251
6051 6777 2588 7138 2717 3754 4827 6936 3107 9756 5508 8251 1327 4948 2797 8313 989 3 7126 8862 2809 4805 5552 7665 325 1160 3859 7805 3449 2880 9040 1237 8275 6455 5432 5478 5851 8316 1410 2315 8040 9221 5205 6026 8497 7986 5343 787 722 3293 1196 1560 3114 8338 5748 2780 8345 7280 3307 4806 4387 9085 8498 7176 431 7811 4615 6798 1965 4326 9573 1189 5783 3456 9792 1843 1925 6494 7571 1541 977 8047 2098 6056 6961 5926 9701 6493 6605 398 5589 7701 1366 8559 8829 8245 3076 9152 7642 8011 7872 2245 1517 7327 8725 6798 6824 7024 9232 1583 4947 367 9185 2295 5146 3028 9971 3453 7129 1707 7063 2398 8208 1740 9278 6209 5980 751 9077 9504 6899 7033 2189 9482 4790 6618 307 2256 372 2065 4094 3778 3685 9531 1334 6284 3739 4116 8328 433 8260 8071 9016 2504 8728 7018 5768 3056 5203 4866 7371 1766 2127 6033 5086 6270 9353 4196 5496 9042 1523 6802 509 4355 1456 7489 9942 2279 1115 335 4647 3385 8590 6499 5811 2566 220 1372 8105 6745 9189 8225 118 2173 2167 6584 5439 9736 2129 4411 5135 6891 8051 157 2255 2278 8792 8787 1996 4693 4570 6588 1235 3949 2809 9822 1299 2108 371 255 4107 5783 5765 4748 9586 6817 3707 7236 9511 5900 1344 1825 608 1993 7179 4332 4227 2327 5196 9799 5440 153 2075 3431 5175 1475 8169 6105 9046 8399 7322 9332 7116 920 6398 9405 5116 5654 5590 3070 3738 4494 9262 709 8701 4771 5873 6944 1036 983 7113 8008 7421 7580 550 281 6839 1112 506 566 1558 6792 3054 2774 3095 3296 7555 5053 6519 1559 7868 9570 7972 573 4264 2904 3432 5447 7822 4915 6514 5098 24 8201 9 3120 3965 4425 5528 2340 4475 3892 3601 8979 4866 1834 5664 6600 4148 7238 4741 3473 518 5028 651 7124 9422 5042 588 9114 7563 4539 6333 1006 3430 19 3053 6133 9841 334 2088 6586 8326 4862 940 9394 2165 2864 1808 353 7063 7540 4216 9466 7898 1040 4304 5506 754 9041 6403 476 3504 6930 743 1752 1553 7376 9617 3180 9857 2013 678 2168 7700 8825 9179 8688 8608 6392 5214 2073 3009 4225 5790 9337 600 7418 6016 3710 8057 6542 4126 5293 2235 5528 9308 2446 2628 99 5485 9367 7299
2474 2691 6621 3960 5334 7535 7020 8158 7169 5885 4636 3576 8741 2199 3396 1490 1017 3262 9169 1949 8872 6845 2147 9474 6147 9266 4347 7274 1080 3637 3407 3060 8066 9785 9823 4286 4695 3105 7947 5449 4428 9698 7505 6218 27 5140 4762 5864 9419 2903 8776 9970 7106 3366 8704 8984 7488 972 3751 3526 9362 9532 6814 5040 1729 8477 2743 6477 2088 5463 6517 6402 2279 6262 2372 7667 278 7854 784 1675 4602 7557 5329 8893 6906 3912 1830 5005 4556 4771 3206 6081 6540 3305 1253 706 1183 4190 3924 3279 7714 3438 6394 3896 352 8198 7095 3508 3094 4658 6133 5343 1564 8347 7370 2751 7156 8985 1648 9552 5189 7811 1536 6990 874 8872 7841 9231 6962 2874 4733 5833 1820 4877 4826 5154 3259 1668 5680 3785 314 4020 4046 8860 9593 2853 1302 9706 5617 482 1126 3045 797 1402 7326 6171 3952 4551 2971 5832 4084 2692 9199 107 4418 2347 1832 4210 571 907 9910 3002 1314 8128 6562 2334 4284 2865 7289 8317 1882 8192 8663 3424 6813 2367 9350 6666 803 682 5851 141 9562 3245 9558 4624 7586 5785 1127 4782 9662 1485 756 8567 4468 6726 1916 3382 2785 8998 2352 7967 7196 7479 7159 2185 9650 5614 7528 4324 8345 3281 1950 2727 7675 7225 5220 3806 5346 8833 6384 4033 1393 3301 5586 2832 7253 8967 7589 6551 4730 7301 2730 4838 8237 2320 3709 1385 6309 3423 9958

855 630
132246 286639 867962 453061 186021 62421 259141 242143 663141 356709 517906 559440 993094 674405 200720 603130 778027 848844 575120 298326 171506 698451 705339 658618 215435 148656 391127 968047 378825 115285 302867 627609 73806 833116 789937 19891 374795 640740 980697 458918 938890 831761 918014 400374 406471 820792 46900 709282 557277 195687 323133 863503 778606 639512 177475 602222 559526 734983 468548 300108 159088 348190 3530 512484 384097 269099 989126 558063 899277 98748 269011 185837 585546 290515 397660 424955 183816 561176 688229 850593 332215 41196 342358 551987 416972 608269 979455 880276 626514 267392 836284 179438 120591 582865 193050 638726 242125 808576 538176 695667 118853 579959 712598 15678 247044 51870 883699 245763 851470 708532 433862 108455 539569 622698 836099 929954 998296 820868 386605 583854 336801 272453 916740 158221 301831 619900 621753 806678 182917 916948 953207 786740 731812 50660 300518 11695 616792 47996 629896 197687 221978 647498 26049 840123 21419 384318 240293 636263 730231 57905 465804 202281 968293 765436 320400 15761 332896 600133 317224 914872 945911 296701 623925 160215 157667 483341 116709 145128 984978 681849 304284 26091 983280 434064 521269 743319 507459 954297 9129 868450 959150 494504 112342 780333 522646 338806 392270 807206 41279 792950 614931 378504 275434 620231 841150 75492 679703 698094 445222 988497 336173 598386 479141 111177 556586 731783 454612 728450 319593 26048 36719 373959 354051 678634 83594 998595 462527 147542 2475 459519 396183 959516 523152 79486 684192 362492 627629 27601 211616 52689 168630 100121 62838 49102 676931 221087 105410 234108 636884 519868 209486 48056 4610 892878 8050 181424 685249 9746 347212 427275 565831 231467 284542 472637 282529 522757 37647 911583 401025 336407 437979 902277 734377 667651 975984 390537 800767 497838 614010 390509 348780 624248 194137 137247 700189 541090 516380 594513 970424 82090 424072 580221 317467 562618 625904 238061 950833 860332 418476 765513 681786 476702 322989 744449 690167 452158 773486 972944 670634 143422 625735 988964 349601 364658 518689 834836 811727 819289 775964 907423 90280 308924 712873 543074 709441 791911 589303 678814 534576 269402 316105 346167 469294 651297 230460 504990 683363 74164 315244 414866 67212 333966 440734 189199 948513 335651 448765 56838 23796 4777 16631 116867 671417 197654 859530 182590 298995 402382 445854 996184 405971 412951 736253 619049 700792 308443 462282 853020 73449 838586 701603 328384 18229 400023 491300 708782 298081 353898 179356 931142 888187 638544 860517 571413 57022 298817 960098 124984 401781 408538 756273 922512 970263 151049 822620 63239 563192 634026 959495 357497 862855 625842 500628 725500 906313 875486 321529 212203 372599 771675 628627 219333 852497 84177 631707 330004 279396 720663 316838 894759 68999 567670 347684 696652 978489 813219 627390 3663 122515 695036 51914 563370 309397 357427 134612 194829 454609 445445 982040 382806 66215 902200 981152 884250 324163 74857 902374 663674 915033 899412 287557 786338 975675 954831 641531 837851 750600 143502 942913 604035 587305 591036 8191 359820 601180 164052 174259 313950 192634 696339 629736 522923 834792 245712 652406 265907 494982 645077 798444 45537 27919 891609 428577 239165 863742 535285 894129 930669 943237 811415 140911 914249 903963 633642 593262 651374 901271 44817 754636 437558 928365 772918 73944 340312 177202 545706 989279 812787 810561 580621 473523 431343 422739 249143 404944 185099 112852 484913 643712 352240 30096 8178 105212 203905 54230 410567 117137 724467 708341 503852 262892 423200 117419 226542 726476 930854 304908 16684 33514 746389 57165 253865 754415 298928 428430 332894 956304 937710 75014 988759 620387 237704 155535 1789 83365 643781 747871 736610 538071 882684 314788 23573 567274 788848 431130 559769 782253 265853 466692 494958 637702 656967 361764 844354 412436 923621 302060 296706 611755 240916 372064 305941 957938 282530 185911 510001 22041 976213 796313 3361 666234 140571 667232 189951 985839 363407 135944 971354 505225 685866 72556 223386 249607 144077 235844 570700 421634 684461 405215 192706 965222 519268 142939 799960 714144 422758 168019 606585 520419 107186 911608 296753 822718 810043 550801 332685 498613 315391 707659 567054 375917 769066 357088 734133 209814 782142 750867 170078 76244 988639 373897 225533 609006 46233 659404 87390 749257 29943 635918 457963 504744 215709 540107 405627 218320 971760 989986 824885 988189 300600 231027 95323 512573 408742 303816 527865 319885 461574 146429 790429 626160 74347 473523 843162 422133 871846 28225 358286 405036 82788 514731 499585 672386 871909 981697 184486 640833 895847 194397 606361 361297 23129 308701 934122 845545 161498 239682 70565 643762 822902 43932 665008 899793 83241 769054 856667 140593 567414 986527 886913 578383 307117 293350 946352 653685 120398 787643 125610 90089 54507 421003 165655 783238 280081 618928 606210 526016 988042 376614 144733 674104 672134 538658 195068 388246 389938 446861 719198 605987 532563 154187 191967 705810 694560 889824 580533 67673 944043 362489 383266 153347 399790 52749 586642 410018 467895 42202 564562 202951 598410 652882 505422 464076 767587 786449 632639 663477 279160 283836 571903 262884 793019 121786 199307 989561 514129 428669 305291 776864 705387 458704 217157 236463 52710 724255 730167 626248 187529 36108 797110 662516 762104 255404 346881 689138 829035 790285 122326 212525 624384 384658 688601 173367 444160 367584 57106 627646 921227 867943 702611 466626 393492 496612 553782 454484 488948 555698 477945 23586 606343 676362 790292 272869 545826 947231 495030 16841 743412 270175 616040 323790 254973 239274 138512 163862 492567 816859 241345 810279 40774 515175 943015 27769 422967 155299 237694 984699 639205 189453 122886 789844 864700 356306 583730 593064 596284 966736 879508 625887 526367 649087 682537 226223 771503 278154
980778 77016 595990 996640 471032 303727 935064 296743 693884 534227 67040 465804 13656 262523 544596 753890 108216 969588 346968 749283 506786 873421 280505 309214 898929 676940 516175 561634 625714 492965 392930 7893 515981 445868 879847 794452 879492 521296 639275 799413 112553 529339 251625 199751 257061 861180 67988 195217 285059 772464 696145 124032 425831 904874 122562 249497 526700 878086 763853 840335 299160 404082 876892 427510 691242 107277 683963 569175 757460 293241 792834 276802 255145 964436 815781 545865 446362 641443 850802 20112 17587 419855 229212 216726 275063 198864 415214 969374 190524 197515 590211 965649 797582 54546 94591 511965 572804 162596 317064 531215 261173 440247 699055 176904 107201 569656 10200 862997 793224 382373 343850 636198 475257 93969 685321 413633 238564 385379 7167 455553 986346 338185 98170 928802 159288 854388 31841 313649 285188 551307 734930 188357 333840 785777 822710 810311 899774 121280 825025 524216 78242 281484 433856 32887 453922 961290 227245 32361 403198 430707 243036 159616 914117 741494 200501 372715 577818 145859 179304 894477 237566 724989 179794 15020 105699 91322 47275 523896 560581 167920 283180 99404 328643 36564 748492 586037 860970 911930 776684 955068 573997 49585 243376 989881 6873 24174 551180 167370 251830 959117 741654 692059 517620 887085 624210 87442 978303 856797 274697 564598 926436 288178 311706 930591 969800 684251 536161 539048 269495 937754 246170 427402 152661 687096 150860 967108 223145 926891 718672 228693 952531 186990 246442 856319 976292 800351 693302 745976 140287 107297 301959 398406 297783 249444 13798 912002 735010 394173 309637 665569 398021 17687 726378 459216 889061 269154 798102 82815 940698 65170 895120 952598 504724 782335 554155 692598 937000 676160 707455 458680 966637 684399 973357 509518 2649 489148 864349 212086 319775 278207 585079 106297 221776 516497 181693 34627 340654 437307 792040 591057 455383 445072 565264 429850 759792 607547 931105 731153 715913 581792 34390 403289 49225 668648 480591 279243 333439 942501 22267 893091 239098 450126 814141 340810 211973 243528 23859 5010 136126 133212 927020 743281 125851 749250 997745 732753 494534 358418 258821 720883 873564 998397 142585 688036 501371 192726 670324 160879 472081 271503 915076 719745 182218 101370 433789 225235 734144 49870 387649 906199 936572 531735 679641 243340 106218 695022 5087 90342 314019 486501 659562 456012 271760 24436 523803 649307 739016 296440 143262 589133 949576 791400 581531 713077 304550 222448 845331 650015 184254 631519 263344 559837 456643 769410 151694 980828 219721 124495 443943 670504 640448 189539 364916 300378 385677 704853 521734 675859 770441 913201 628400 540722 589531 475694 43280 8923 858778 458559 845457 831453 174217 317566 117830 91035 990125 294519 271178 883001 329122 776696 188737 421733 302725 22698 527532 307147 528832 394709 606178 101406 465845 13410 719128 426686 730955 437465 712806 62756 621441 193930 201147 956517 899403 860943 905043 691599 6516 836109 61561 340597 138856 162063 722445 597296 608378 188917 583269 782590 436107 43543 771720 206638 762026 602946 624506 408307 583112 412528 166433 475294 964435 922018 156824 107265 751985 719684 231866 927687 374268 846616 63284 182901 984437 705514 998157 369352 281491 206436 356145 350136 850135 76730 140057 56348 698665 425804 272028 828208 614187 776104 84265 224718 943356 224325 979861 207682 110150 12526 318780 101773 149049 114428 645706 947948 616783 94167 40051 608197 877514 784914 722236 126006 723467 883515 957462 668995 139901 819630 732565 900161 903777 548139 57206 567994 763279 133655 921861 189065 694496 778539 162982 812829 587850 287165 636103 226250 482653 746948 696968 737500 406851 627458 765185 672706 682465 814359 424733 991368 779558 125980 306708 318272 430095 642103 312159 14500 502376 725543 789794 68712 551207 929626 918523 533077 960352 331021 350435 541688 940366 315320 400655 849283 876898 629318 370919 428988 188441 479600 786476 109747 314852 116916 536886 817623 878859 396118 492765 355009 279237 510999 370156 433084 365729 64842 110895 659539 615975 100214 151242 981693 109797 162374 210542 470949 178193 479142 223025 230014 65050 48022 391650 408991 735292 895794 948526 175258 255118 116931 119855 416440 82835 301435 81656 679488 47555 95411 753063 733156 984799 112108

911 523
421121 761458 298848 974977 621725 998744 15794 702294 88022 976481 341376 816317 327900 310292 578058 746950 697149 203983 346537 586079 54758 52969 68497 408099 478756 625546 363424 175275 383847 744290 351140 29594 890588 61896 71554 240037 317629 294765 666174 90450 89564 498735 90579 531878 974940 464171 654036 863920 398935 363517 655346 112889 804756 445602 367670 969343 577689 537393 843866 309829 505310 170768 438008 85261 402807 113693 785267 42347 962659 164987 550764 186229 992481 615228 209669 737846 603724 73365 622526 633965 705021 223355 363660 420389 113832 305724 557217 640851 974918 211290 422112 415228 926162 51557 809823 462222 560922 969435 138442 428253 59298 933029 349218 725518 84727 359970 921880 108958 644988 54511 84874 670951 347356 491001 27976 513012 626994 975163 891809 45903 562869 933054 523697 224663 256054 673142 363708 114427 900659 769171 706050 228698 254152 147722 675993 49037 671114 801538 93479 763457 573000 790729 410800 688967 145302 186955 189947 957019 953751 573938 762054 432303 925081 396760 440062 427746 369995 29282 181832 707217 493393 662866 730902 254604 756528 682920 462804 363462 500458 572581 915025 599192 122755 997073 267348 189065 204526 693259 13689 101305 562151 105124 258096 501944 53001 294291 827858 12585 418431 162448 973685 180836 726737 251537 98036 416796 857446 763199 974120 250926 741135 500850 820454 556662 684792 866685 465637 407777 607837 557524 920904 476476 769097 246267 651155 603899 348354 140758 477264 409973 616123 195674 666003 58716 446271 739913 21979 223914 706204 79092 313124 73721 982112 870200 237699 760514 946541 128968 934040 787772 813249 816037 621615 87032 599298 284424 682141 974820 170402 140755 760800 107644 501988 435823 387654 324668 40165 703823 37018 590865 102681 632921 526148 227647 891958 640190 835452 270235 253549 614307 966862 611430 544 441507 557335 916515 396432 937149 104272 72263 75102 85931 912476 926532 718652 105935 39860 494340 136910 487949 388507 536400 583299 941981 111639 204179 953109 138130 104063 300066 202190 290218 919599 343181 20285 425788 243141 748764 824989 451400 722070 548890 510309 347640 483692 725498 463670 6998 900673 343538 935417 438213 734365 473180 13869 45930 705276 750222 420445 677841 536750 381548 2299 384458 503852 33075 751773 412156 237604 928231 171998 889876 612142 650142 556668 606261 483111 138748 241466 810775 403299 247843 54573 231065 900608 304611 926984 601286 263040 653547 940651 398587 616987 584643 75722 693984 555762 465042 379314 979514 752455 475786 743773 850551 555808 136821 840998 359588 19551 613824 272240 81816 242478 608796 721703 756783 267887 629235 850879 302981 473006 7454 128250 506444 719600 272235 508444 349321 783456 635470 814043 237444 235031 218165 846265 101550 387677 528969 872523 97768 976444 605109 369335 267196 462740 622617 893526 978672 785353 204942 52078 850553 394203 450323 722722 689419 694969 505855 375164 786863 38821 176539 256741 97803 198558 358601 866784 61165 484920 174311 509096 748346 739844 616084 958126 621545 330169 950017 212080 978044 43019 110259 51239 788263 743809 384308 207010 998497 844261 141699 598888 198538 425443 819290 979349 420441 403030 815461 866447 886924 877243 832933 828760 932171 886493 848561 720345 15544 970921 587238 763103 351985 636721 416168 431873 129788 935393 42886 258655 815053 810657 943735 534469 677216 226947 528852 793861 189342 899056 395830 415248 496631 42013 845989 46052 277837 816593 587140 807498 753824 88329 549273 371350 909057 819134 441617 738467 986812 91104 155807 918238 500577 918476 991576 743570 847760 238669 172011 935335 227853 504700 396046 51722 730771 545919 839910 228229 911687 247201 255166 604395 962704 216559 228617 678268 13128 544831 998729 62052 745011 836573 45781 911452 533450 621339 310151 294565 261117 653311 862615 229223 591624 843242 993049 99539 816763 919329 23234 639581 114144 303752 312987 400678 13198 633958 740918 732538 551456 56132 924938 341389 760370 572467 85727 369087 729802 984858 448344 157288 334480 217584 926614 389566 910778 382661 565019 301944 720078 129125 528178 350900 65069 978216 989365 747360 674019 215582 876016 328205 882217 933093 695421 50875 623535 362196 148319 132713 493560 608689 528427 793016 658486 134287 673776 228850 237862 969200 721549 71896 589353 392981 827982 162912 726137 603577 449828 816043 683935 888922 456257 146278 581718 631831 310859 249104 639248 200003 212870 223495 498520 837495 602910 342420 816650 591086 251311 924703 148609 562258 561984 580781 961143 810333 413814 735367 873943 948869 532170 383161 941951 198407 525673 150740 536152 105812 45232 422470 923426 427203 928862 929293 432550 337222 223262 257709 497858 644833 686767 839237 737253 482905 528514 571454 890587 513682 996957 504803 908311 482614 556794 159008 985531 790354 182848 59245 298309 347297 391253 674115 132481 657845 937004 384097 95828 75212 98626 785608 80909 370329 168126 165477 111114 414367 91184 251635 575401 170410 229951 100959 963575 477877 457913 790368 475630 210518 99111 306783 294597 445654 212796 141210 840190 364226 940352 834469 725475 925607 338958 671999 665177 299786 990288 185770 567000 622172 746065 920039 922649 711574 726955 155915 105421 719967 801696 642446 906335 281254 911369 890785 452710 546943 43794 45546 35025 15607 377091 163897 968926 841919 533514 593510 372679 168526 709414 755557 42758 212449 568924 925878 288795 911567 977579 478431 767842 514293 782589 139996 116273 385596 163966 500677 443678 744054 883638 597263 699582 436432 477200 766264 17395 755651 109902 339870 510122 878479 962845 524212 548757 472928 16292 913105 712731 264840 219940 755578 464261 491086 630832 254302 244702 227390 430845 62988 400640 672560 377029 531208 997214 362516 753439 414740 951206 134218 886479 409747 2127 456640 433628 601840 43942 297155 26058 457095 112885 207858 45379 165280 899059 403003 74484 888530 616652 198677 95965 458058 49853 392770 258242 861688 188913 549567 533214 521592 596772 734942 912234 669439 414423 659070 783116 959442 593880 296877 381952 503272 487318 132561 875906 583279 589704 290905 900854 504011 30783 905884 763298 127664 916266 44056 699510 294445 281295 22411 900344 326133 393930 111554 874315 714476 357395 226790
193710 264974 510217 937129 237147 926860 975126 409245 759953 272425 525996 585444 320112 175853 578008 239996 328928 476147 497595 512064 65484 556596 8886 703848 182508 121666 671523 444788 961140 599439 81791 394112 507653 505472 705839 356557 115882 555851 237621 810247 648532 61626 612537 970678 574663 781962 518266 930058 437563 550245 81774 493261 820506 985967 73239 459160 989041 443420 836881 968124 811068 514805 913196 294215 814929 211422 508507 162114 752432 2040 236054 324146 717129 142947 642012 574919 922133 476260 142235 980252 93893 701446 928830 725074 872317 738407 663240 626925 823817 12821 547603 501528 111731 778412 497991 980340 693178 885082 779314 382315 52152 102745 903874 613554 157896 935481 621776 790495 202902 643725 548522 486634 206628 36602 620341 169300 514923 27357 341964 695251 984969 295452 295621 483110 830186 478177 916235 31142 951515 369640 347874 507873 535588 42033 886266 547494 170216 680231 725055 253795 193377 230753 474080 323486 57517 260048 87236 618446 668140 958507 579563 997600 969308 466202 467435 605417 882008 427007 771407 639760 757424 221094 83490 647494 367299 897242 450186 666415 523977 809645 481388 926521 97178 334443 929974 839959 882364 704759 447676 213939 875068 173913 214210 599331 112747 468454 662192 606573 462428 118618 342013 979417 667770 397597 300037 158650 713619 14401 698289 763702 812440 867669 939666 975308 54233 535774 535397 374770 690559 347803 331883 6795 306798 937875 672000 649690 215776 643755 498678 807130 393246 977394 605175 605176 368474 607535 82289 714495 496176 566542 806314 457815 939651 744575 404959 848841 840149 384520 961673 108941 767219 20262 779343 588742 955582 651559 773903 643422 339544 943388 515604 905100 204159 160631 273263 604544 530702 976450 144436 351711 44062 396853 987832 438801 550098 993317 337400 930074 568629 551749 814618 79411 741263 928880 222941 474438 106960 661751 624648 68829 426318 109277 733252 978446 86 31931 690546 313835 828392 148672 201876 464914 176355 753733 381106 2925 773246 709270 452287 641506 52548 952076 864229 607066 978568 473323 782416 43375 476862 15779 483603 779771 599720 411221 997129 550380 288930 435237 403161 877200 90038 128118 475412 417881 722730 619495 922051 678692 157827 360166 579848 904355 60459 65067 652917 454004 385562 193392 24100 532341 171533 154779 93483 985355 141381 611949 81632 152765 289802 593998 855505 915140 88540 279975 111190 196648 401284 740612 534730 437096 97214 694088 652836 664166 470863 23907 1232 714688 421321 545843 424520 249841 604868 141154 237096 793972 914951 264090 529203 483889 298891 34535 191114 222052 283287 145189 405957 298441 578813 809525 615003 344718 402386 41831 730581 46259 270188 889712 553174 568930 12031 85816 724803 94565 775403 824784 645027 547134 814978 941307 910591 497687 867872 39652 219598 85053 725547 362569 224615 98779 645451 419322 175203 577720 202511 33276 486640 255112 860714 505878 817865 941788 869358 991095 390799 990461 865312 41755 139790 195937 17052 102591 251012 153310 404945 938837 512912 129043 104510 743396 30937 873728 833746 799499 333736 574502 405879 963259 672928 837000 381857 800113 690703 574187 274254 103883 63468 974948 164397 317349 785029 202673 386163 817331 957683 805311 20520 80464 116929 42744 327573 210647 475205 70432 942971 111652 830874 223441 698539 413751 715194 949675 299891 483895 621528 509796 499440 325027 247261 565624 326871 807427 162106 128149 219478 428473 310114 453573 682801 632896 225592 302487 397600 436265 226038 215234 152548 444166 504947 896427 872240 431667 62482

538 503
526795 597001 158012 71543 530533 649636 557421 720540 23071 89927 263988 533386 768100 898565 626804 163404 220692 734695 757381 723947 886126 836755 500322 36793 427975 720664 341660 181366 831110 86012 280754 912023 59035 74996 370417 846140 701410 565081 894327 445266 851993 219248 441888 582909 145729 752580 703716 447065 487254 375548 349860 451710 909167 739494 205999 434215 612031 301841 359166 591437 524996 589258 868185 333973 233079 841448 909431 677362 5947 970167 620492 275566 563526 865090 90760 407807 453914 241567 378090 827070 865087 182383 177279 679721 9931 271743 353914 600120 585274 531795 877246 608094 704227 199131 588172 877648 733212 665068 836320 988831 150458 481396 365604 642641 658218 178130 32206 124124 385593 174411 795823 629006 350402 871861 603718 578929 389404 78077 435039 570855 15114 233478 293907 604578 392634 396321 617756 13734 937380 320956 148239 907933 722501 638841 824116 695978 627035 91457 533433 874655 738276 809771 572312 183368 5426 314551 451661 705043 339732 72867 534884 182039 212357 639526 57075 929040 347770 526562 500752 980260 994648 54419 547144 369789 144027 258495 113390 842806 167086 607131 52217 918989 188863 834519 1209 151732 887223 74374 152083 333382 63293 681319 417554 750243 464940 412996 514477 609541 276427 707513 434577 383408 913083 862694 999768 958497 689721 580179 89259 920816 214364 983890 368686 359233 966253 265737 236554 704234 374089 530168 215630 532768 506324 615053 372190 530902 255600 218462 693002 88267 389256 213223 367217 604620 351551 326781 665894 895866 404335 432121 827376 781218 346587 528662 252983 271128 655845 998351 910258 819867 230260 459762 909860 291591 199771 658350 939108 159489 682486 66679 969390 779510 801815 734085 545598 137112 895123 853825 336990 21328 62987 883136 6785 462450 878550 319077 890036 267136 680971 367029 902548 63336 539075 113984 274677 784422 630196 642652 957983 353707 4798 47119 793457 869808 798175 323128 71745 518512 136354 130463 976889 304276 916439 833401 291299 277412 592373 872884 914407 623766 620508 59466 415539 719453 118348 742497 280732 889875 670220 623270 276941 20021 306723 150697 405994 472609 719605 679847 154298 616294 288490 355228 908146 227001 511664 369633 457594 774912 976773 758824 651708 998381 307873 785246 247196 840108 186841 32595 513080 157515 957044 352638 549510 236935 104913 4978 19799 299165 231477 604442 951538 847556 323536 122433 140471 281377 286827 526744 978048 59175 849728 128013 179746 31753 689531 661343 192327 418360 275564 337835 662011 539496 718025 437289 147952 340921 939944 752406 969883 317371 746315 771750 174174 581753 631396 888369 481994 302985 349015 921829 342213 277756 40477 930406 184900 489323 282879 676635 115311 321226 848840 22302 197430 729298 779056 5583 681797 492686 629625 938560 969216 627561 772262 508494 338906 132956 910722 702173 780191 400359 372311 995095 273231 241628 135586 615911 879315 415504 858080 342322 105483 405881 113254 113544 4180 57976 657011 235866 33971 374352 311620 788946 766865 470109 357734 686008 183240 821545 310433 148995 651798 792780 821863 634725 833204 807570 726350 301662 153270 294890 881542 267117 707451 365499 434746 256035 599122 22723 28593 942445 923831 376382 977229 621557 504294 173027 196972 911231 131087 526986 340228 756499 868835 889441 495890 316215 992823 827994 974244 643500 43462 164983 552024 364142 535639 640405 126109 889539 886475 54611 796972 492886 967927 84726 929028 60642 335018 792667 852080 303483 517714 748405 646645 279592 186206 530225 95518 131500 913667 268023 677331 38654 494415 924705 408409 764778 613134 638755 216858 457811 120452 664778 642911 80869 131399 786606 706644 901514
631505 15070 283806 416295 224003 480239 406767 176539 763049 128115 755876 729631 390716 267185 668351 30271 524954 846633 98539 381835 648761 599437 682991 978525 303904 552954 375074 406028 101630 965945 572231 386055 589173 172851 684176 621683 891450 504604 328337 968770 638824 333549 943896 703843 294476 518845 969428 539056 698728 952521 659763 818679 201656 599155 30257 695649 752325 229045 96613 541846 203140 561946 837392 809619 603626 739235 993646 787624 329017 452079 217465 495275 288272 993031 187934 965097 279883 182335 340761 885184 763361 271872 356599 208662 446510 219894 947652 157245 739658 155418 534393 594989 747862 484999 174349 699637 985489 412178 901140 652974 292296 40857 80460 219842 138496 236779 184735 470285 90520 901694 109859 919163 553361 622823 680918 220543 889810 660317 599523 451692 881045 659744 482416 330827 172008 125564 100737 998754 57857 725167 552799 214291 623385 518485 398879 264352 682548 446126 864498 293675 858247 541455 824239 404871 734639 503339 770290 882336 595907 322854 597152 680773 843303 364648 395744 875104 53690 69148 151303 656386 656202 548413 962286 52890 225224 17534 621658 612009 376217 678840 319035 764016 479009 703157 275138 64779 139476 329358 307682 474214 652402 519978 190033 804942 331061 390403 91703 220808 180489 639059 949125 169649 343774 229928 724466 63227 556680 539520 503811 178483 506341 354364 590664 991098 200395 236860 188478 622575 845773 791174 615681 109812 547119 924163 691937 838437 879245 620503 186712 801602 797854 155537 491638 244351 867510 466280 845389 313560 46576 79960 514086 584389 750912 170899 607718 184888 128671 458482 211152 559326 621131 485535 109316 207594 575060 146415 562987 248781 199776 676480 694043 505198 153047 873792 970776 253521 556761 941606 22272 273774 151497 61090 788526 654329 61367 556751 230071 615478 37517 433223 209521 325270 367706 152331 231552 26965 972472 200524 416173 648182 401049 743781 662936 510000 259841 535807 504098 416097 461590 531656 729561 993303 296425 329091 328498 51411 432990 982422 883489 984973 717798 184914 696931 77733 889861 510451 312852 861134 806954 270101 268367 955441 727849 698844 705191 733413 827869 753384 268094 855709 654994 45216 173516 235899 884735 401050 791825 744574 565776 616303 211981 294402 457801 631662 412386 696469 348694 179624 48683 101404 869840 107998 95278 153793 729111 194025 397661 800632 623121 627192 16677 479828 652479 189901 638129 404145 748800 873261 464896 321992 477996 485760 282441 298052 931766 453658 318188 483130 305675 727873 937 205466 951586 262004 67916 126884 195947 971310 418177 322250 188300 311022 574573 370888 17292 714548 66913 657079 533920 803200 139133 622416 796213 327682 572252 495368 803261 650415 330973 777400 291750 242536 328891 272040 947479 645887 718457 268902 699264 483875 317428 178526 374214 711064 588321 394266 509925 855881 358278 118661 906889 811836 525739 699036 906569 748870 971988 916656 400505 28228 780306 968381 868862 786079 274625 411803 298212 865258 275589 300517 574812 115559 458867 505184 691082 113159 429526 877614 627878 546015 348860 45200 557217 723667 350844 561885 966124 25688 54009 839803 56994 372056 90141 712718 461313 233073 138311 318754 428753 157796 986561 161775 349350 797041 542338 261273 585073 517424 205830 407959 441793 903088 417396 859165 547272 217149 164407 784179 813092 470918 460748 48375 500391 360762 9463 64261 530823 136829 659550 305810 912008 888065 876043

890 637
565224 775029 118906 247478 614928 725279 35731 860726 425472 253935 572767 456525 461320 77855 598941 612728 692133 659929 940940 268511 200561 611314 59786 685516 198379 245873 832940 312406 699333 994785 324765 695701 466564 579303 729628 669732 527811 923493 452358 369012 936182 21149 518304 355917 896390 273775 487396 561515 712431 653923 579264 119297 405204 587062 618865 312298 268811 780735 276383 378948 603163 860950 356057 352282 357791 398089 423690 301433 720451 540129 362424 339257 533951 512298 570825 410151 429610 451829 861113 987784 944329 632230 73894 341365 51748 554612 68723 547005 813307 310427 433038 236594 236780 859882 583860 966816 774751 654888 59531 653044 177740 757587 52244 846228 636869 772946 719613 977300 404449 804561 83307 898893 901393 683266 926958 771476 407000 628753 138343 814897 135553 467043 435834 43563 899880 873944 43263 719781 273136 394364 316544 167960 416328 700242 996491 563697 802200 526609 965609 53706 831910 7752 361571 355485 165180 666490 163279 513081 755775 863304 423330 368271 403349 718095 108392 80820 615060 271020 724715 479724 656443 188065 730455 80072 444840 888088 793396 912679 413525 772143 122158 203830 393981 222382 569233 793873 587375 935608 824712 672494 227607 417917 616622 139851 857074 484401 764432 226071 310019 950301 199673 341848 330803 161231 863791 747341 505064 494713 645210 386222 722819 641226 850997 461926 663221 734908 874851 216184 130456 515793 121387 863027 400594 637485 906477 594374 392005 498743 509450 825849 246500 698787 698859 339693 41806 853965 1350 627389 436291 731663 446013 410359 475569 40571 846755 141342 320414 368499 711146 62518 251011 547043 813859 899816 955108 783311 348896 844218 367189 646549 837803 671096 425573 607478 606530 750560 89202 430376 135260 302342 843471 584010 877349 512270 940852 297788 564626 690192 349015 273346 499150 489893 881743 201079 983892 688691 187661 872219 965253 823481 496734 774010 744901 959552 964133 336623 618599 585318 182933 405701 406430 858432 826578 614781 436456 537573 57675 49633 778108 546853 376996 391456 259546 412959 62577 396334 285310 937894 411597 995180 198053 789051 431642 258373 638507 937344 161095 355414 292497 977552 623162 870661 671456 424344 712895 77463 32538 718881 926401 166690 824969 923522 194626 104546 716679 633962 277873 91265 920853 384810 565362 729572 665218 970183 231283 799537 429284 57231 942139 5004 425062 331894 411890 160763 72394 257615 507580 846246 183822 823777 676183 240559 174801 358849 120630 26379 613627 696838 987996 425385 996817 502657 916460 699295 151132 769929 63858 101211 522626 818582 400139 543367 167406 346617 823356 845516 654905 637116 7651 251146 667467 813764 30478 115890 858733 424832 317155 474982 578518 264207 680506 440645 775837 724680 456867 107796 941975 645028 360537 366922 11550 41509 856411 159346 122027 241690 347783 158352 91687 390689 728391 306018 113317 986639 562893 795540 269280 677 588216 186856 983411 75475 524628 25301 580626 809723 375476 441286 589855 229791 912757 224049 400695 977434 399487 328004 459875 692783 808123 978405 72609 45213 249469 858708 430240 847252 299412 389133 415185 1507 364402 857186 957177 697916 754037 565735 298776 984991 278120 385698 897944 265585 993971 84843 23588 955791 604067 875085 745828 414132 861173 127962 280739 87226 789867 632665 483594 176380 215938 149746 590924 633671 728309 6130 758140 435416 324635 812098 37144 458428 586837 536001 180879 244195 677663 562210 104292 436879 836518 112698 534963 978267 543090 594576 676032 558930 37827 315355 544098 34537 139878 79441 496220 870608 120407 562 829881 722184 976822 682988 862862 535958 909089 970830 812993 585124 681149 346146 700943 135926 490439 355338 204852 770628 533586 414838 385067 999742 549104 997961 615173 310853 90406 485246 9615 324069 204115 922849 152023 790412 570599 374004 908767 522298 247045 761618 501343 415776 806659 912583 420811 989409 984194 867262 873399 33457 830470 562609 186137 347971 546947 505654 864570 698058 209641 342191 66204 707908 7176 445075 274833 850627 909041 725379 144574 369749 887169 258372 660887 160753 171545 749276 429616 837751 900509 531400 625733 335050 104170 325341 865436 98590 783823 728174 166691 345920 139524 855631 915302 349089 986540 835186 722891 376846 922269 790021 307337 300513 418675 634587 526744 163157 167001 890881 687785 851881 212622 122940 830224 554862 891332 650044 903754 696365 5307 214393 327709 262042 870987 237723 776161 860221 622245 787618 655082 888008 122107 75045 18021 826866 49002 300961 314271 331632 267061 525016 943277 70161 357881 706246 67822 168397 464198 596995 965134 868278 213907 524249 394700 491632 688824 692284 293837 314623 524217 157700 488989 692950 444848 240464 370658 691975 920733 333902 92532 478226 973800 699574 136656 35781 293247 86373 765094 579524 706925 134193 703196 958068 31301 708736 521828 402388 631376 589138 1968 575042 937726 787854 423437 425323 168384 427389 456549 699394 298856 633619 935862 337060 825010 716937 612718 635464 503417 500064 941341 806686 157471 873784 285027 671855 36648 302157 69293 334260 276207 859765 635270 778191 768269 201385 381436 91599 233694 706374 882092 327934 503170 486499 890138 858304 375154 772616 168675 173329 206806 505527 368627 622715 759605 794250 543008 346200 372921 639606 914974 856626 705898 2198 774438 986176 895019 401399 123341 406033 781058 341746 146593 59386 321124 866349 883996 20921 48790 890039 203248 203963 373091 18983 293015 727090 271567 569018 565620 132574 659695 245208 962390 94474 936522 284959 688870 531586 373279 754435 551094 557896 416382 443918 336343 267498 67371 614672 734791 873189 31206 9608 251431 689637 810647 339126 3786 171471 496683 530915 990584 521299 749411 72995 954138 898213 257639 598200 546397 327037 668880 953006 113139 324582 838503 335155 600607 619700 20565 510737 611043 690018 661905 458685 235362 929625 66635 352771 236470 207617 437301 616312 270395 839446 165257 328599 360523 286580 641384 901355 825550 784892 8223 616701 446838 505 705651 333138 484076 481971 281485 562166 793993 150343 840317 785095
883528 513729 324660 164781 6598 248372 952769 881669 370331 732714 650716 336858 307258 893650 77380 166728 714359 589329 94679 374263 682867 958959 327839 4881 269171 229346 444521 45301 942800 135643 600521 22936 549641 901811 529486 833163 135473 742510 28088 613726 657387 97292 989568 549291 898728 680966 614777 975747 825102 939031 606472 711266 72969 212836 970534 463198 62460 380877 39710 823598 859680 401326 884279 797010 584729 364748 539479 232183 965904 473589 647672 673972 831862 437392 320791 753869 990534 624162 89542 448469 58705 619116 608626 287543 584689 329983 17848 473901 989302 771854 489990 22175 19454 18904 158668 571606 226835 564997 961487 764232 242566 258794 564803 312559 966554 870585 782129 289918 517782 374252 253483 13157 825276 8485 32443 14286 594972 312754 578151 849278 437418 998971 231271 400532 996524 715572 662021 248456 580522 554703 529626 441721 31193 109958 435450 84107 901702 581846 123860 154889 831168 792804 219927 769755 497761 884996 457236 266735 873239 959536 903681 731798 453809 985759 721601 964131 327240 512615 121677 178075 52458 996491 873694 102754 482365 885884 992936 252719 180353 812931 277379 70374 231454 955377 433977 935627 344028 184341 2738 463356 459832 582351 833600 976635 957728 6338 102718 684896 33247 611222 962645 517555 353983 233856 368233 872938 381495 277103 568866 641982 81393 201631 763006 765729 784255 425500 125038 884782 994542 101593 801489 482953 222219 197894 773489 586093 975203 64360 443985 212384 815086 168922 599888 670336 202747 135516 177017 850063 973031 165862 920160 604594 863015 215988 741079 753814 736233 71522 727679 540829 721855 621568 307986 308203 50856 616891 686862 802046 934637 142466 411070 968928 105419 642345 190231 14924 130845 745554 317255 287244 299686 766661 224801 710273 427670 44850 303852 984682 178872 141121 813943 743394 35347 930492 456514 120186 889794 365828 513889 227104 288844 179015 629626 951730 555447 821263 826575 302929 353213 436464 480316 131631 530954 658147 945753 963353 345232 615850 505881 574864 571718 566558 738023 920895 364538 65444 876889 11973 318498 641834 634071 208040 144229 459323 13397 29540 735496 631068 539299 392010 13897 650249 705375 751179 853965 626832 2872 324411 694347 87650 518166 322650 610802 960471 177476 989986 349682 640339 890597 439732 182857 134895 957887 471411 659216 154712 524640 6729 850335 617576 306964 413983 220933 303084 130409 608249 738696 109088 136175 733314 372154 193974 3936 494178 409198 49349 398605 449420 866856 990201 406822 672760 245075 761318 508481 671574 238103 379878 766892 859935 211156 422393 971285 716912 853817 514337 955438 639287 238638 51065 490927 283718 985036 659629 485635 784607 93004 905992 245181 942000 796609 890999 782425 250687 566120 580450 653952 447210 666257 471394 968113 176098 398458 920638 110978 892749 535738 732711 558760 794909 248371 184021 202955 108542 782811 817865 583119 735292 623892 793924 468031 772720 551665 287426 209174 352623 284730 266815 444105 953082 416979 705461 363794 982035 856644 549966 124961 358720 849872 468614 334435 5946 447705 77942 141122 734890 178430 414535 889468 466171 718879 156561 490470 987864 585355 144987 86097 597642 521008 253078 609249 733645 312948 468681 888761 210304 262736 351583 449947 270301 322669 170567 283141 858590 934029 100665 10840 921963 769928 936472 405971 390894 958028 953317 816606 221962 395064 749118 964392 557568 818224 364474 227749 849488 580930 102384 3350 225245 658248 435321 206699 38792 471091 53722 340280 423373 904948 154519 332334 103259 682549 314600 296453 506319 253344 929373 754416 988330 13705 69443 975767 259592 891312 904087 876828 242876 908121 84423 406480 70073 750225 873300 146493 575113 102719 730364 862718 106097 696248 328607 441073 796974 998978 808492 775712 577106 702463 691917 553853 323694 398279 753255 579724 696228 258754 223735 149718 454188 106645 934654 65107 781771 448428 263800 498436 248460 307708 651501 565190 893915 431918 718365 677762 197836 105921 556947 63641 883626 480652 391686 89901 829782 647837 708500 345590 150562 480993 930257 148775 32913 615927 783274 59110 821906 666723 184909 860421 729495 569348 370467 320034 710907 59025 697655 951371 209881 328007 17683 977753 329462 836054 181521 677913 547759 5715 256837 766876 301951 166771 323365 1647 698917 529744 742545 873884 508856 794744

1000 1000
756305 327259 291196 710802 259986 502504 808831 687849 667888 589811 264469 912306 716338 195478 784852 694012 969301 955858 930044 369410 37560 188937 631652 74316 182897 456493 532925 930055 761067 522506 378730 738391 23545 953143 379855 438104 296491 669938 675588 991988 328455 495346 446831 360564 329587 988137 607264 295349 161329 14823 325890 490994 769031 544970 786948 736119 541479 846573 720538 376266 872024 795056 353379 442628 660580 175016 459157 757006 541375 15092 168267 169777 43519 296839 397958 832591 693197 935256 474021 593348 580959 631111 587527 165725 346260 814895 273587 582114 752862 893045 250180 874479 472105 868526 123779 802362 336948 578415 698305 691831 975195 942700 213276 23587 268698 938472 689265 940885 257121 804599 532671 648097 750550 606295 795787 73410 944779 532859 351880 326046 504432 912964 819220 899398 974803 364110 275923 420091 293518 686441 143345 413820 978437 514144 618928 44453 646132 416173 547863 218356 902637 291630 163171 719585 684999 721754 459520 302353 36430 593282 282112 84126 589389 598738 403028 855963 120814 357576 466781 995486 637134 600185 978337 812404 626957 145854 538487 256669 199428 133432 326232 132925 50788 634915 505882 427606 559628 984332 89527 554465 67867 962907 539512 742961 672934 909111 138692 282769 755229 157567 680471 38516 439849 685397 483999 706142 431857 158025 784594 600315 623595 545295 332478 879034 701199 776908 894844 523757 307103 926568 169788 960355 903699 307194 876995 737751 366623 793491 177206 889857 549476 126304 408532 325626 175763 142993 780956 817982 841811 916589 440496 822906 126634 408071 402135 897999 187134 198827 605916 481019 328274 740103 335195 122099 151185 573283 658988 527859 350186 181950 629581 566424 979390 875249 684194 447741 487658 747115 108298 220991 221912 289150 592936 805452 837514 468785 576028 559784 571460 431616 115106 570755 624739 633198 315334 751482 290481 238826 428222 263922 517359 71544 473870 447964 879099 385026 370036 183114 427952 733674 468334 264011 864411 784951 624501 731643 718419 133248 377739 611509 360918 3744 290303 255972 845542 318505 385901 603810 223716 375366 502578 232806 541290 392617 838534 896335 237602 387725 68778 146221 366461 994925 660650 242254 851139 762304 602355 235512 703159 3902 428658 147373 256522 708724 424848 927684 578564 866931 256947 486944 104305 939017 411069 235966 447199 740291 961545 259122 516770 861734 380912 173742 720668 927862 189624 650289 110847 550269 898769 751548 328110 89175 327522 97777 932172 716036 672280 224290 882738 521727 160203 546499 950539 920213 502586 338774 368375 556484 308327 404955 996719 50615 322732 162858 528600 270618 339841 217193 546592 25088 779722 756252 419213 45273 118081 93332 528862 99379 91633 136717 60582 862991 123642 648212 160983 951229 654909 266047 88269 283800 991723 24591 624546 996161 841409 96175 597103 770846 975228 827862 962771 372914 195271 890458 706097 154180 54610 738685 441892 360534 877521 920201 583339 504729 385969 46050 323400 233988 39986 339884 387194 814207 857795 902223 876382 884918 444281 709418 591291 114453 611712 277455 90455 307561 621070 67628 4080 819304 48158 675656 37645 20263 939205 777350 563988 527718 901528 380107 450279 984911 450182 604977 374369 623361 754640 22864 217423 940020 975345 808160 597040 206656 716567 109342 445020 79152 600828 691251 816484 600528 91064 113931 605983 723031 830092 443471 945411 109297 295851 463094 92099 420858 528038 241390 187654 437455 718105 45418 328884 849874 549167 195718 962100 884767 509389 595186 753883 26690 111322 257888 647059 670173 325689 494815 518430 248097 845527 503350 928045 821361 206003 917524 966507 59401 932831 238452 993391 403546 91638 764227 211517 936573 795842 338382 959654 128610 497027 626298 575530 636101 356241 634641 644871 855453 499423 148719 663161 112213 426537 75669 215469 651232 224794 190023 970402 827331 165923 561832 534116 495264 27743 892266 744541 230990 788207 370173 625411 567382 192350 984090 137638 416371 728652 746779 883368 697980 29466 468901 965690 517623 434421 787357 960551 115479 1409 787277 406458 520342 21680 604606 295116 104624 640230 56657 102537 249692 143853 916024 908738 918038 386508 749045 99011 707594 287508 233317 710501 836758 414776 163639 146192 236968 367585 734918 637006 790365 183831 257895 757242 282735 612059 762392 863823 491451 93260 334862 695076 168941 353466 547402 774227 92484 120463 21316 175333 412236 539936 591805 520353 218657 667569 418820 697614 419200 829541 432987 111353 797545 222073 734979 891605 593122 751209 341429 70146 756190 26370 320930 999611 361082 910733 724622 455837 735134 601800 548425 397008 923097 294982 684292 676435 653381 334255 362446 307103 704488 392579 801723 521752 349357 186861 329762 365461 478690 790291 539062 59968 81314 22733 554386 750860 88054 995508 588432 50977 827999 239595 858676 855572 645138 696861 129582 456177 784061 44303 398903 890945 338236 879390 269587 100399 4922 981109 828617 587511 756662 698054 776714 512315 924064 513069 55641 394613 464790 145478 402733 255935 201557 630915 822488 535951 84697 97687 244542 81040 48206 905229 957796 416707 546496 286581 61954 561460 978430 224527 782681 632739 535254 520211 533980 61728 52116 434133 352956 14453 724144 533445 639138 464819 267956 478976 565131 300352 821192 668681 360544 578290 639510 908613 282150 857113 409644 297796 785801 115594 99044 900902 577206 319209 144423 787232 574058 724695 568066 885897 354490 324310 706057 636502 579044 547859 176682 530098 606590 630839 271461 778420 715361 552622 313886 856052 691296 53915 542400 476775 50496 453917 44330 544668 540221 536019 714624 199952 320091 52481 785458 863197 79941 326184 975131 511021 100653 843305 73106 646857 277969 70215 849434 363921 250838 64666 837409 469862 346820 485043 391924 516914 48505 53062 5844 387916 727921 769701 48167 730417 113743 236930 958474 124909 491364 797055 346981 396558 150364 77335 93564 949930 27062 34042 233763 610846 420740 405536 627611 355420 611240 593598 82536 163237 976662 734297 304759 64466 755535 176919 180020 541483 501633 818471 17439 317526 770874 642206 895935 206497 11855 501742 927193 440368 477505 563140 616048 879 131012 970912 831412 293890 547801 441385 337650 900415 121060 381717 867086 5487 859848 313281 448450 720886 391776 225330 876868 565408 717768 774579 251211 592139 235033 676504 313456 351676 689521 7250 327013 530214 956496 293027 493496 442811 333362 202276 647537 649630 870533 732113 662983 776085 564389 558516 414501 241672 313604 276312 764255 286957 296223 9815 176870 224760 308408 486829 389795 79033 118298 230833 279816 464830 464806 915171 567255 929905 426282 666497 406570 40913 316111 844541 982946 507097 210510 817433 633706 867931 156713 270692 162384 903546 722572 25046 134897 551478 938542 516590 403722 419274 211088 171621 421103 925977 285800
169450 546330 530555 557572 891086 783219 477565 148605 803942 732563 706811 102890 296533 127453 251137 193348 662476 267026 445066 461325 821074 103030 944624 179899 527067 866214 878365 931116 770447 345650 378418 841795 839839 112374 13554 272956 659442 170859 498862 526266 698857 213926 373188 941190 800956 696583 230991 869432 163608 920677 631388 305014 196552 410132 338937 151531 846320 553570 954915 273843 752856 659777 553119 376759 543663 523595 487006 426823 853567 326768 328672 474882 500159 883622 691784 370813 625026 642827 378800 547105 490478 172908 539974 844417 705123 694509 800440 504624 359233 941876 60255 101545 460575 433544 697822 86587 627551 42789 949801 681168 735677 845333 503424 786379 754483 973384 84280 289900 419146 113620 786333 473896 48076 153716 949361 459672 213334 270776 616496 733811 38286 476136 843059 9072 607050 725312 656624 956187 270609 981162 801007 629968 538129 501628 743695 456680 738495 104645 420119 894415 668506 863343 280457 749946 18927 983383 81191 501779 785445 847717 740354 505359 267016 677955 907923 750574 793649 50331 355089 674106 650981 49291 501607 776165 741663 633888 881305 785742 712603 381981 213341 125450 612704 337529 219267 793906 336106 331991 8967 483018 613432 723833 605933 634730 769889 314130 338871 830979 421520 61188 917752 151784 32555 245205 396910 73013 908858 254840 33380 526463 894639 256866 148535 204972 265035 221995 836630 427240 869582 137290 927710 719611 427007 98902 914350 421784 689682 574104 224315 351963 678472 691177 599894 234136 41004 645537 421809 318516 344848 404406 453439 711626 563406 984208 916995 139646 488079 851450 493029 67664 393082 882502 426337 615529 50351 931288 781569 67561 679088 383 326831 289633 357258 228899 746035 831703 32679 181540 340334 500416 290615 326548 90216 289338 846515 810683 94842 88823 181983 983197 152447 691138 25619 5644 176212 555047 995294 499290 475447 140704 927503 740790 697257 11822 397412 855223 132607 900739 130412 371053 664811 767113 622431 909319 516580 136557 386759 576114 414594 894670 34794 868230 247977 845398 95597 926392 199964 577279 263179 484069 43441 188136 836099 527316 306578 689111 319031 782904 963218 969895 780040 91104 812401 766750 679747 720508 219597 254799 848237 237284 860056 491024 638300 575418 967012 124179 431868 15949 219483 162948 574215 232480 499512 380766 990141 901784 413114 436421 885143 58648 193149 987397 32707 942700 361337 890418 621369 284088 243648 251125 336603 415153 104677 922711 536283 748526 775829 442677 493691 508196 333144 686668 962764 35061 107752 550018 458014 119657 181814 915792 232122 376735 681990 239553 15681 974722 567606 629743 339849 273519 817096 87061 371743 298427 776854 831427 330537 180845 797227 740797 655224 981526 622288 92393 48006 471620 374091 204129 889957 882884 629346 916171 423496 561010 539026 69989 993499 583860 900912 963385 323585 802172 758666 777601 245771 276283 589834 206567 488064 303344 683118 756106 204979 322138 539719 981290 852608 680237 467988 57755 591169 727494 405498 827692 495626 719006 92451 54282 693972 404632 654012 343776 927065 937580 77775 604140 598914 237381 285188 899001 661968 397552 298766 18901 982339 732835 61617 6080 351093 430790 872533 604450 253261 825783 237293 199245 298326 22274 46865 483462 417554 378798 440601 150325 504964 163998 772151 591534 214064 749752 900625 643619 645457 95956 771351 955495 674936 191489 773443 759178 139505 210801 840181 107625 875184 975588 604826 465924 760836 715777 739631 598551 448057 844120 991426 799405 410168 397468 185697 895382 770953 201847 706323 559192 575580 229911 893642 18725 518180 672366 263779 749068 698631 854932 850884 237087 455443 745654 108022 787093 750901 733421 349085 325272 519911 661525 377406 556115 210343 634759 950998 536197 164528 607198 216839 592947 141653 639811 599888 713156 994286 255042 154658 815060 735583 864968 822159 744662 361066 185630 202000 572684 128697 247389 61615 674076 32971 649022 715372 492639 775944 645090 67476 993118 439383 357910 417240 187594 604648 195259 446022 906563 808407 581495 700813 184765 822741 636309 38836 95686 836527 330934 854962 743919 394662 697870 498372 806738 644804 478684 390980 235394 503328 141768 248537 19512 587821 10478 599692 588396 967636 331833 885033 229936 674282 864054 350290 389337 370071 434016 514307 873175 314914 528310 282962 724316 88226 810606 154605 523756 700637 18696 523516 972277 407747 445248 637823 547167 929946 589413 126838 992484 239027 302065 722483 401260 837687 213984 607670 122247 894512 902470 634051 419994 462857 643977 710587 555183 104545 270979 425501 737523 6829 385590 149706 266274 433834 650219 660011 105392 444973 111703 678008 543209 273641 278239 444108 723248 854060 191212 519657 437998 544289 71295 141859 737515 262494 815650 936724 508466 415588 332889 56442 64279 569623 750793 442742 254923 757609 411024 707523 155983 909405 388333 483749 141504 405061 383810 774752 9991 685620 602197 447444 599725 702442 443132 497109 473596 251075 413919 142636 377786 74508 143250 493790 159711 753281 123647 166252 356010 680232 40852 689185 353528 436613 451609 718899 652283 818494 862366 478943 30720 724081 67834 320386 324429 897222 797060 270190 4050 947992 9555 523748 284755 768252 658619 872939 979517 649563 465391 386539 750954 307152 793457 937585 996008 224383 229033 263273 511031 753545 670326 173873 169109 733589 949199 951998 759997 118356 349179 366387 347793 865364 864981 412906 989934 873500 729078 799694 528828 502648 932858 375592 771215 694126 613008 714667 125056 766515 312567 893048 432300 957501 823078 448430 336065 487733 106300 691761 798486 517637 80743 414980 352942 970108 756039 672608 642509 917754 448251 995946 717338 129474 874248 412744 445672 94903 734617 916803 19653 777325 308061 352630 267107 4550 739175 928406 331631 692063 885647 486461 147294 495628 36991 171664 106547 805259 150285 21039 538885 758484 521290 987987 168860 524449 235211 763898 408129 625790 437540 908865 800408 815387 990086 913932 780847 618040 755278 721240 356774 171549 767586 746932 505384 398956 759210 8776 861937 817321 579709 208824 71408 729667 553600 92892 724198 99712 486990 607136 404723 448867 268553 32878 582227 745218 560272 589920 525811 97666 431555 717234 11481 607560 373641 17791 34047 874634 111763 6348 44489 530581 974655 671961 854387 189511 552183 618345 820546 408262 367601 601231 619638 540245 628461 114080 484247 977576 654377 667350 414510 416969 877630 54821 715311 990579 631974 485941 515048 354139 44446 890606 571219 645298 824755 512153 899520 22616 74168 398276 999957 911998 274201 453800 803989 860063 407779 251839 707032 800395 381826 940721 582135 794184 719606 992389 863926 667735 881308 157388 523089 954550 609385 379495 886692 862626 462914 944338 344907 556482 843595 992757 178025 412810 628789 24994 12575 666357 864371 480296 213323

1000 100
987983 862558 279309 70333 737653 117208 601831 957814 173336 236244 402845 173446 781146 541124 462423 844187 331538 19645 408651 80922 330449 921205 83467 863048 476070 61540 817966 942875 146884 599817 349346 68479 29835 739354 89876 779046 842184 651395 253553 212238 668884 908893 226955 451962 213927 607098 115456 398086 654299 282309 214951 46656 277014 568337 764753 372481 223979 366693 807730 810267 820221 82639 338629 803136 813668 424618 205341 380648 87020 866540 802745 783630 475489 948741 628114 121377 991014 443260 223250 932091 197688 821495 960027 662638 223517 333357 2963 986155 452557 745310 200034 328385 42269 171351 492315 296469 199287 538993 377291 449312 454970 721184 956264 92727 542956 557952 605303 491574 43451 287329 944339 544302 436991 629222 776622 574994 900803 324296 19204 409002 719505 956115 449052 13896 500394 93582 352178 700237 32075 730453 677151 5426 850112 599395 303505 620562 164861 882154 653375 594466 295379 109322 264292 31010 702633 165743 744163 585387 158502 616635 419896 877369 690998 129797 267573 732026 736265 25268 777485 422887 792278 434734 264676 992315 786004 883471 508690 208032 613129 876116 659863 283404 968851 575822 832906 264212 893729 548429 778330 65424 297368 148396 409329 876861 929092 707447 759774 521460 377208 803990 778778 333256 617564 923385 355347 427104 989138 820263 600870 864771 331212 861213 114382 13254 567409 360338 215229 655697 987197 47849 396271 604179 411137 971257 986135 816687 910841 635784 318190 411410 502961 724422 532372 858690 559415 304845 754658 112359 278372 973408 208308 455042 989733 72477 107297 9537 786081 368546 281563 160711 854262 987960 870739 521072 327256 683159 917242 94636 958958 252343 14105 51930 268627 137359 969951 66789 944718 295871 766487 298960 798806 534911 250683 691977 605441 625211 353447 694787 619026 621555 734639 501693 976858 834614 627141 928174 740808 498375 216991 211737 415224 199514 495523 781624 410965 434648 889163 42745 737825 138342 739916 439964 91281 817737 404586 838174 323708 869882 193535 408874 886792 837229 263150 663835 676819 730733 723866 738894 51661 656826 401475 493659 200309 580028 840224 32876 971086 444332 747087 37316 354185 855120 739930 155569 959635 696865 524352 536017 917625 503867 920592 491174 518794 474343 815136 918149 700550 514906 386142 77518 187258 180950 682760 165275 304595 738395 661751 13828 426793 190594 564926 839100 77313 640269 51790 85492 777215 882742 560871 326063 595223 710865 413362 111532 366446 759762 540940 744333 545251 664996 373899 506188 340528 964215 388425 412158 136598 51585 410162 12069 920996 452776 489118 767900 741715 134490 269764 322515 572961 486201 12752 470266 10726 394660 76832 206527 404799 702744 598003 236807 744915 184962 20081 66763 784551 156120 186481 105926 713639 361167 244066 451820 972282 344944 72127 137656 270080 31356 293760 679296 644115 490593 357303 475648 735609 980082 966234 567928 810420 169619 604304 611364 234648 103602 339364 876557 429510 177624 206889 970 949287 767964 466626 94048 42311 629988 34750 429275 191056 820239 652083 453213 317825 899056 829772 817701 662084 736490 786214 497436 545324 779034 330629 769771 953338 802952 850224 868848 485203 555664 564752 963184 400321 468031 554874 151798 998439 977863 877972 950775 883752 346798 844324 21297 56439 559390 637970 244410 977080 152255 346150 946717 346119 728418 485351 797057 674601 649417 751009 462732 878161 860972 525638 526054 199734 196730 677842 832622 803251 104825 850561 393576 754200 498072 369672 229926 835840 845285 918070 84786 62152 667639 579226 636735 485607 35724 95939 728836 990054 702889 197581 260315 492674 683815 20137 256736 288634 782638 212715 520070 551420 323206 150061 2657 971142 457908 303077 229948 739928 124008 423122 652050 127758 407254 642200 620069 715888 278632 156331 844356 290710 724597 947855 321029 811618 92439 592073 412649 847495 430705 615888 390864 358229 44885 332136 508661 91889 778365 733918 815524 466095 829645 597959 871032 795812 760424 626429 906130 597793 565806 150904 545865 109456 289658 576232 276403 828472 415393 529276 503196 648189 275589 99998 415949 8375 208350 342878 709171 572016 903471 57026 95459 816752 226265 603793 185370 124969 602897 554398 865544 275827 856375 530816 209681 517697 254546 913154 518285 42450 123950 368510 306113 685277 491772 571212 711559 485822 804838 665797 75857 610816 667733 7307 288436 261073 826106 659688 931946 45910 289026 909308 221631 680995 328071 959949 920709 232565 897756 747326 632535 574027 143549 450176 837434 423873 310280 697086 33628 537142 160167 171210 190687 415466 362943 583597 232401 565698 946324 312383 749752 993635 740351 392641 899606 667866 689156 913536 688365 489248 725191 511521 112727 750894 40955 383095 165399 977476 552088 694036 783249 182820 733489 313845 191592 932882 620384 856878 574334 615585 705875 675022 712014 50078 739977 141646 578315 722540 277936 710420 832722 23093 734436 444218 639284 176766 288786 91532 358487 61170 398043 860907 179481 729775 28724 920454 288569 315554 244731 368639 379011 575491 258783 934578 511989 309222 549953 422084 859865 703415 634953 466848 637338 808081 213840 880204 956646 370199 34271 171637 563873 313589 242623 675641 286948 429348 68902 72366 82791 408423 82796 803447 63640 345149 948956 935470 674137 24863 954917 75421 482174 819752 294861 666606 681119 843999 889872 182778 386879 772270 647265 63457 914196 172198 727173 301291 886095 50607 631900 556119 929595 770813 260724 329687 248427 281403 592163 611129 303427 853976 204994 147291 680359 603167 482116 402213 318499 347856 837437 11088 683115 91473 713105 456200 877202 49325 925453 508286 844930 811590 119216 768923 221065 742337 164111 909343 361596 984285 240471 339398 31851 988995 359711 156500 266817 740467 358752 3851 610959 128255 795870 446541 809857 654946 211094 225091 464578 690969 324420 964560 558129 496838 404714 331446 716228 154029 503113 942979 537555 78554 357652 982941 129369 949387 43098 52213 866955 192636 598087 395139 346086 244450 293455 532565 366137 112786 925341 120719 991363 685627 254431 867305 487238 880346 543211 45711 73754 766884 707218 876031 517291 39990 302013 661830 143318 693137 463180 979007 875050 36794 119827 657136 815871 855718 78074 890888 570099 595786 335141 150440 219783 580536 728731 642053 125843 532047 977545 302381 809105 704460 158202 519311 395794 691119 576717 720211 35289 999057 471313 92206 956644 247852 513621 893254 15817 161715 777082 833127 659730 592000 990135 550375 365332 53385 117869 4245 277235 109389 124115 508878 448572 521455 919431 437626 970884 418776 62223 511513 848625 729743 195240 407382 709367 761801 527424 270829 540068 827690 178110 512872 989624 936244 127168 379876 162739 755183 936358 460547 514328 461980 151293 813752 958539 561720 978374 981880 751093 37584 251039 299231 103992
173306 129607 5833 116177 190740 268685 66359 386668 381724 281298 232724 348304 478146 67277 332958 482870 193376 100277 167328 37118 164959 278835 396650 242541 140361 347598 370302 356518 182807 144484 36067 301110 499341 14788 109948 95245 93757 169984 82638 367249 286057 412084 153256 177387 258441 266544 153406 403784 2890 442861 7051 128608 338057 76971 45051 337317 265596 55705 99782 318678 415410 70441 279068 160136 190114 115062 173534 449052 106205 442192 485517 338055 6135 238794 304966 498154 106245 206835 105365 203345 306612 11912 70311 332183 153102 17571 452642 107529 267710 262855 362892 241843 394085 412145 41811 229607 53254 428662 432665 312689

1000 100
722766 964075 269984 187305 56496 717854 414100 487856 161639 576064 654476 815007 920598 400605 858264 67178 592116 76392 140752 921417 955766 936867 385697 874322 811080 380989 624616 979150 683996 29393 421830 609088 686565 204808 356817 428313 6080 219035 434470 185360 267966 990592 700998 133055 692127 326705 485069 636184 189277 283740 752486 852612 348558 808075 572952 957739 909396 577156 658673 583264 955696 682574 633816 390340 78339 821700 773239 872298 331846 520457 967271 162148 247956 350636 684907 796542 501735 663437 908389 617017 791956 237195 35766 840518 45283 758787 483923 578063 538044 963721 816387 384724 102546 366336 527852 280084 701218 243721 953427 189910 168737 262338 73829 807778 533686 153251 386294 529963 547635 511396 327452 294770 427671 358011 61300 148351 905740 1643 314364 669068 949423 808676 551155 545511 360796 609909 928791 112832 118258 902979 44929 6536 996631 40060 534823 997893 928420 144403 890504 22561 684786 739439 715518 900193 21660 204839 513564 231186 833374 954894 770541 209492 975750 751206 926456 825277 94867 498419 913163 255040 472337 421053 595240 324547 99041 303756 369901 130598 859391 583977 317478 318534 795482 169318 98131 434362 457920 773526 596786 43017 302892 147835 849522 863464 265132 436569 330938 603914 758857 851753 228975 458935 758653 334926 743335 611340 384728 195827 487555 213560 171981 207466 147953 972724 724648 47690 25419 825828 116977 668108 717337 290740 137331 226233 789645 795902 321162 469047 907985 77751 349512 25717 670136 430785 955556 477079 526475 814383 446998 659684 433902 477677 144410 332973 546254 744839 488318 146293 30035 522004 685079 976096 91137 316858 571955 288611 254838 320123 741594 141180 78534 543695 623157 960312 862501 485078 912325 346592 412339 494897 637607 774044 360768 546821 769071 398878 36128 823199 465714 110844 810454 60030 187622 499696 970047 612390 134073 433492 86175 435064 183662 370277 816215 985613 192375 666802 675192 754815 241124 356133 575312 629800 197399 893034 365738 12539 683308 427903 636996 727342 498487 993896 557897 228593 26528 275249 669204 884507 474442 645515 541041 367746 785587 247016 787693 988000 978037 676209 888793 809531 327853 893119 77824 92426 670926 130602 206824 477147 754025 320040 332132 791271 608472 576699 165233 628639 835500 33432 435595 964691 786618 450083 828499 51183 784003 698004 152557 528547 913585 851225 118432 44771 3669 254948 18566 775095 83386 696842 129989 577351 144632 561787 546905 881729 870674 534128 201454 996315 327218 131081 591780 927189 524357 478517 839115 690096 624122 47950 947826 944076 511098 723921 221744 877523 994334 196352 205264 295804 797835 748316 162440 831280 218707 221828 553665 208181 867470 305979 789013 125700 898301 975785 484565 846129 366547 446497 280037 704208 706230 45514 904482 212650 783305 606495 659139 612433 670746 341873 635961 769078 699184 473377 130227 97469 601000 274647 676336 31590 411871 283335 86545 963278 242965 304498 888512 978701 241676 147667 386311 223390 485538 419606 62668 604559 380086 863539 423778 298769 178470 917087 574203 659842 919323 643262 481823 534876 978773 464953 889297 477219 948970 511676 482512 580992 22057 296107 425599 512126 182819 379998 258215 465571 524446 707133 869325 931838 470852 983324 493657 861609 20035 522974 382942 538688 905406 802402 821010 149528 326086 882837 610265 994107 835248 448275 398574 622973 792254 782110 850188 979831 874915 167892 638955 929826 416192 314294 99250 278944 453759 66719 180238 112430 878318 785409 844448 511316 941573 883492 739839 640706 557534 91977 476076 433866 161737 917031 292576 991616 898831 982617 6710 848431 914708 275343 410770 846047 467498 303250 740907 731869 913684 935700 191669 429796 703687 859836 805298 863317 686882 358578 408401 939351 33697 461661 899466 719567 333527 294357 380715 69716 303095 397918 194085 117451 493378 559531 892654 573178 284442 69939 33732 89884 295690 574412 418228 870263 257623 454814 488600 975953 297136 712653 110232 943658 603877 214050 652504 544748 60654 634039 551247 902335 367805 83690 212251 147359 161936 734042 863996 373660 882582 7752 817075 873636 227066 716298 394779 167381 593839 296899 94561 561078 626593 784782 863682 375579 485671 667932 278473 658819 606187 356973 242656 77025 919432 788968 718428 794588 83139 774396 461711 558883 697272 369120 377834 310164 1415 577313 187147 325131 536242 637072 521285 984033 607980 451768 152758 733816 847282 472626 441941 134012 795864 250591 166333 953 225809 236456 325544 735614 813960 286014 501916 568907 125095 486149 458335 350448 107221 736174 272630 444727 19173 813374 185309 497407 476311 313532 433499 808768 325037 865564 489928 596734 334725 322668 830819 409815 344218 664094 52021 973040 78507 809640 702180 130495 433672 392708 17909 121383 400730 319782 584771 111704 235380 378066 674396 209434 104689 533635 914344 427771 720057 843695 897425 512940 796829 32028 59308 390461 357588 63449 56545 243098 204084 46573 689324 793554 38513 259610 125267 692152 432001 842389 150763 169967 430156 387210 716376 399959 899971 620176 341965 700175 71472 313782 290721 972067 737497 744509 459488 551766 412035 685346 576253 95936 727119 673755 581897 613935 323169 169881 501918 546314 360326 598122 848761 148462 893648 371653 797702 467647 307440 899095 563073 825367 58049 616563 486538 699242 29483 38218 369552 689678 938385 460520 153354 386869 341388 793780 170082 913830 167315 787062 126813 905359 736544 821309 859929 308847 85647 216238 122544 70872 60170 491731 187850 164403 528046 811618 289287 763491 179483 922004 557643 476260 807046 46567 762103 896874 705467 774994 939847 13447 367344 401672 324295 218319 100882 387 358454 604961 401073 713508 987872 267641 287945 359101 9605 296612 638921 211482 568769 854546 681969 24235 764867 43196 359156 384266 416058 84191 996163 857727 643675 959730 928435 29640 930025 499534 610892 357297 41956 672874 886707 930633 625529 181344 175818 337349 108389 236984 398484 664703 492649 329334 624847 634385 503323 729025 668615 266080 626898 651035 754816 817288 599822 251116 415709 663590 696868 75222 815477 226829 105378 539801 595581 64771 351819 36469 637992 634930 761213 142806 737240 438426 740252 196232 860578 294261 784267 290000 677043 630216 469549 864153 643777 268046 583786 743294 510103 851455 313596 327766 292143 44859 201476 689341 225323 752443 830778 502718 257266 415998 81271 2399 380779 42753 860407 470885 522545 705745 407919 922677 431704 718566 681546 613207 62397 409852 768985 764933 355394 668415 805643 931236 907538 713304 95885 779525 500653 455599 958181 988318 98082 486700 495330 442429 968610 350059 962233 47375 453656 561584 600621 933920 87821 836139 591599 524210 867257 418470 169072 767418 125728 67641 485611 647051 121806 686876 29998 87681 423265 487439 757009 193578 365938 242151 580761 579385
389971 446472 449614 176733 190920 371958 118512 375428 205977 123006 181514 233416 58740 97724 451534 32470 246715 301657 397560 107200 359042 108950 232436 251372 451847 149563 397034 144232 107302 226544 453953 287591 232826 336363 136022 335568 276682 116402 294408 28758 58643 205320 201689 64692 329968 133700 849 96525 182548 314711 450829 193101 63502 312144 114883 452259 107947 356595 256664 355100 20505 428954 17142 125228 473814 389276 80340 297972 158543 423416 486655 279110 195329 376025 243012 235292 19895 330067 422221 316252 27330 421762 279576 306777 39638 261348 157676 396881 100300 150013 359103 241559 493889 326430 71941 13780 137771 299064 319943 263595

1000 100
931250 514084 110502 780339 995275 774978 878007 739558 42956 136012 67456 594949 697204 122054 35904 772165 547859 334448 666346 780816 593689 564146 250899 252374 329568 555424 665580 885583 835063 492238 383013 840652 446787 401866 732421 546033 420270 593804 693424 128543 153870 885575 392258 956268 745594 694620 87577 818609 230649 493551 33746 97852 202487 400132 981853 334060 356044 825608 25316 737406 310456 384818 780579 586634 292385 129024 608018 770238 937338 942896 1667 291114 143461 341642 753358 132359 640363 709557 43074 357258 597260 566587 359257 473814 248947 719542 468065 673968 444727 904373 401273 244115 766389 213911 621831 536730 860647 78459 149514 406509 910634 594343 959179 282909 728516 57716 265546 198510 528946 315592 112084 343018 193312 100138 900147 463790 756723 409793 912906 710822 892293 946002 908050 478392 565288 295423 956050 196466 417530 973513 64625 284441 369632 517218 280229 840334 675793 100152 278126 928173 21443 226375 482891 915830 91865 784896 676780 900438 732437 753750 495808 163543 826187 116471 431878 814651 149845 460083 37941 956800 615130 94224 681750 485997 677654 211765 350018 932970 408652 278727 784207 469513 558651 866660 638804 553675 832225 504026 78500 971510 365250 978745 558045 557583 906057 223934 419373 655714 473520 20244 667245 141006 730344 588899 86338 100065 902268 116153 606302 559304 558727 661240 848011 481766 896460 147997 773586 449541 221643 399790 86520 339760 284228 24040 483779 978713 499345 641327 906156 956062 37228 824405 135935 866501 144300 839067 173469 149047 958563 375482 983949 194291 701807 162776 914518 878890 319503 73351 245222 382340 526790 84360 824980 743570 865296 597114 669917 51755 714438 267263 623449 875885 830811 689873 101125 668412 563056 788244 766823 521557 905570 563399 21195 674019 969977 253395 336467 469030 498110 694350 791424 621137 574814 306972 481186 436728 888133 7863 692954 238499 506903 736062 564389 766298 505331 336404 353666 841416 269057 875707 190176 167152 53698 702140 679463 633807 703153 201717 823936 555525 587126 590368 83157 608644 218996 956512 36066 845010 268689 952531 307263 439977 931726 141651 722395 299543 70248 87140 204602 915750 928032 688598 606949 177464 418985 901883 869133 548894 436240 534448 65402 336028 381522 745015 171576 298703 957783 915346 32357 378446 817601 662285 562193 43008 995026 192775 201630 870159 87501 212930 44691 949579 19533 270593 571495 858177 597378 670609 358007 971788 354644 291558 612135 71625 177239 964793 833374 7166 16563 795788 477759 351509 400243 311395 517249 267132 542544 865320 550925 524124 798866 517835 556391 284822 590168 973301 446699 964532 738087 221376 427347 344659 878484 210735 823834 699625 899065 355397 342351 645299 289568 194631 849976 111227 822691 379723 595019 628594 12051 788609 387806 959555 407566 734401 81824 228769 942224 298663 409758 45982 924557 683426 884864 132389 193064 897349 535790 985128 562472 262713 394810 973375 886151 879872 380889 473642 140177 599338 246923 761484 834195 302974 760974 140136 39146 612565 803177 692213 669844 350920 902336 138724 428658 118319 838739 484467 963545 636442 472008 796608 583220 167296 621737 357456 48971 941631 150631 147448 50279 909178 675286 913960 103208 237696 786226 843286 894505 500213 827373 814066 85794 881300 569606 460680 72846 451027 669927 4098 225679 600289 546558 20329 346377 506708 271443 268382 632852 175345 63725 318772 956098 437599 860402 382540 782356 195787 828442 192311 86182 221861 113894 304810 792264 423572 96298 259715 77450 131369 821611 885142 72580 676654 567030 320900 317039 734936 642848 190964 91497 508404 408169 68783 718092 62480 793541 940006 364327 739193 709228 435310 6488 429052 120216 536472 152659 554084 813986 864641 391226 356741 502029 702431 4501 278803 941311 942319 696178 887254 879586 83966 662226 951212 472462 818917 593189 241953 203853 119124 251418 684686 951590 307032 710750 610344 707844 819797 200485 563844 50595 667743 130534 110563 552687 399367 873299 467821 258375 349696 270685 1466 413244 521300 114604 509822 782062 99676 23577 188341 748538 543997 395669 788507 347537 772972 729908 943029 617827 620587 174943 295392 934420 682261 563766 178373 249810 679078 552346 986052 420088 728656 815462 765212 719725 839085 156013 76841 230122 715842 276686 173588 807268 975872 625544 429718 541054 112346 867580 731149 470043 867626 275348 447953 987413 479528 378642 958782 459038 685491 24980 19454 452917 598772 55316 133717 696721 455883 135209 309094 23814 446268 789032 3538 746996 531671 146402 783707 827671 470968 844713 462964 726793 401311 295390 852108 14572 809615 728027 336622 812111 267694 667659 246635 259158 740499 958924 807975 538814 664982 383188 153407 217520 664194 612516 657782 126940 734060 399190 685682 748384 46462 7675 176541 376101 927238 882933 268059 478368 173325 186766 561878 751236 555707 629010 550337 406069 409859 463122 175501 316228 296781 607824 954142 117059 131961 642325 414182 76012 471915 4694 996834 429608 955292 350690 986731 285837 515250 65756 951272 567150 241280 288495 804364 933778 306098 208682 862020 622344 350180 404596 575368 33345 651036 912177 706161 905423 411379 412764 977124 701241 808386 440991 471827 807397 297928 878972 310854 754935 343785 760792 472944 511825 644769 962394 791683 639207 24743 419355 6992 935171 526855 753519 911756 934847 756523 782075 347859 841098 743922 384615 554429 157610 578916 575085 287686 667560 480462 161865 786443 165756 948380 786596 393856 604864 155470 855539 852821 129400 865369 619461 868330 808557 853062 279926 190691 181625 607024 247374 60078 458624 104245 741274 979186 603486 677289 920754 330636 312533 562664 324197 487495 353853 97487 985138 195382 582103 575575 617126 331218 799451 743029 680396 363517 434029 698481 832592 379023 535495 390694 440146 290910 194201 916233 363619 310433 660890 76081 584472 911328 280066 340163 904628 43858 783163 834581 776289 826298 337627 691126 182583 630962 489506 38776 869906 233300 688394 402109 222550 177235 456045 468144 399951 266859 613579 338656 377829 777862 829455 553233 162025 566920 644011 745256 725873 929086 410173 452706 519187 931003 653277 168834 5455 968515 678574 184196 866152 583069 488219 552744 688115 886574 856761 699720 197837 114536 791907 99468 856646 377899 899576 468086 301688 23873 138015 284199 448373 202854 456855 66707 461605 391514 881140 857796 339946 508199 450216 556231 896792 623460 475994 860939 173949 729867 466770 985422 473930 25169 686293 381896 938063 636989 56259 836579 651535 520530 423648 507608 74651 174340 177171 620241 641917 748784 103285 519644 991273 804830 402705 97401 943280 373429 583100 60504 334922 568756 810512 792790 641093 332408 294177 97714 224333 130069 437265 588976 867310 37071 426802 927091 490791 242407 718399 245824 848019 813319 503755 512538 478499 165387 771070 436141
287623 324234 492406 402107 470436 223274 247293 184159 374322 52464 301312 32421 61906 388431 186934 472621 41943 307580 135002 79456 311606 22084 295608 223476 125572 43426 159851 417472 359529 434426 436614 252587 175420 195644 386577 421003 214936 459306 395571 287544 38667 5211 315443 88985 394990 117181 85407 142653 89706 254094 219859 123851 55631 208083 242325 450635 191792 235443 265921 308943 261081 85490 131868 82437 463531 95978 488631 160204 493039 163556 285724 468417 59161 57017 126005 331827 486126 125491 169624 327501 146725 81047 257789 488928 347802 485451 295625 396453 473992 85431 6637 426319 226660 1059 493145 325857 491495 379506 211317 446063

1000 100
911271 231538 353394 83512 943385 654916 344025 446 848815 222410 300251 208282 266940 777983 114237 936810 223854 370079 586285 748487 382583 716567 192355 10047 654809 252145 500595 610313 365122 717531 129470 256038 250204 798588 405665 202982 491262 5459 653239 785037 885202 3313 972991 24430 942842 572177 79790 747792 445753 86259 112671 788709 932216 570651 243074 599959 103499 930586 15763 348429 908548 635518 581176 158021 362409 146487 532534 572667 895074 306426 63376 278290 952109 881268 382445 496799 533902 815134 568746 124270 173399 209004 6088 638744 170501 204285 381475 792994 389012 125599 102131 273009 581013 164766 342479 163152 66096 479889 541225 21587 418397 759485 467171 961958 610879 842137 480337 346009 835782 185206 512095 514138 116349 185481 911012 928523 356505 12899 288768 150972 928582 955694 507006 585817 381110 523099 196436 185545 311536 637354 512220 930822 217787 466316 607420 605388 352753 896566 400804 436669 346246 615125 446907 177239 157382 115395 473320 537228 209462 139597 709685 881146 245854 520913 466442 864908 35729 997719 479556 689983 345254 618392 276351 257163 308274 720466 825508 373925 277169 198520 20561 410760 958589 205897 468988 619336 994710 328257 67962 723829 680002 68450 99633 668851 654688 37529 644559 790398 998069 363186 366460 771408 370283 314805 475096 434720 302514 958627 108009 757190 190726 564469 956861 879621 758615 356349 384737 80566 558739 839753 184507 552471 519222 939959 277724 110953 331560 544770 28709 179804 166495 196335 547646 667672 718452 72458 516000 144033 342550 534917 7863 33376 399976 397908 206196 749932 865212 588791 690215 334200 592187 813819 760513 381357 610748 108931 784566 113174 599833 156274 795576 976428 616054 553006 40462 760603 688397 441999 965859 711489 249526 176458 123449 485473 503536 682212 763684 384746 475369 950306 778196 313851 562437 910761 235777 551917 800647 694812 938358 567430 522435 646557 614923 341514 103034 518711 638977 86734 721874 655322 256772 311671 427316 695137 264392 127432 202697 449052 25893 353097 831605 576972 89595 982711 20354 853069 98573 479144 76601 300749 466819 285697 763373 961791 489884 511768 677907 303690 979861 36201 11989 149655 558196 554732 605069 279111 659149 77904 735669 934119 353163 126689 74656 405157 142837 132111 2116 164859 805978 102101 625528 811918 351430 162197 37683 96578 33839 698395 625634 258845 338842 566377 185853 440384 719790 723362 498287 947693 281732 488393 370140 16213 755591 117053 351372 136766 654201 41209 360591 231982 495412 26614 945021 223015 680593 939063 510312 97058 595264 305500 481121 798247 61806 810710 123207 602098 701876 521964 857265 268493 609660 875323 792870 446633 434286 101917 541066 920028 317739 152206 455978 150124 221428 212585 218985 691407 725380 10020 524516 108004 450112 113778 464541 500318 686354 57238 230159 218132 240881 248909 624554 754493 854637 829874 843138 65187 782814 706307 419066 537618 350766 878076 356927 317166 91237 944420 171991 916440 119690 923464 304610 607909 226648 473422 301875 375671 290536 273883 977419 412813 895851 612833 810548 280756 177447 782859 693306 812755 969087 256349 206457 347233 850293 962089 625307 156196 749232 199873 91503 88124 81425 134026 216950 945549 86082 192101 678282 140998 159773 808684 317515 928857 606599 296914 396496 643809 129895 903495 812131 520251 843867 894680 377434 869249 913687 324075 874479 78181 825842 139596 667434 872040 449254 727830 628867 734923 612058 706952 572756 155262 99646 212522 45933 237773 808044 198431 197957 207998 288587 23690 398729 830284 205335 500105 228939 749227 499344 607758 865960 444754 116683 729548 903280 93071 771293 156708 233462 957864 957210 739337 103551 579926 818049 990780 632481 921055 260607 915849 560971 396807 519663 475619 296401 88101 130759 740891 863341 267931 727116 858459 537360 900608 159840 210987 585989 843059 204385 409355 243504 296436 351117 565306 694850 962537 462310 203748 971938 791361 386921 662208 220019 145981 172986 96542 280763 344775 354244 288902 311091 581121 246120 662932 520974 795592 960966 907664 532881 647535 656700 66757 107614 224752 46094 575263 291370 550809 564587 608263 196704 628624 228378 218345 497424 778973 467152 523024 74268 47509 953200 797372 463450 708031 694489 527692 48401 961556 501996 839701 641105 11871 326552 234228 735256 705797 935768 113709 197700 487191 28313 318698 275195 443627 341302 852232 153358 80217 393991 337216 846090 709303 249187 312894 127754 275455 620492 155924 914930 513995 364228 221663 581993 170861 786334 228142 540930 597132 743182 277440 526563 883266 612723 906551 963956 66386 340339 550907 230783 137162 540667 628429 347173 41440 791690 354128 452727 415487 928359 779666 113098 351290 599083 884877 754689 937234 204249 425011 109657 324132 939522 552684 706234 659335 86482 661162 781440 538396 441745 483182 342908 257396 952643 689193 460074 602144 127801 249515 59843 630690 188024 922642 851919 257361 573173 754716 656151 10357 290621 980597 42926 931277 517682 228609 905628 353590 161354 50762 487660 731971 313099 278256 993884 118566 894962 283837 245685 788581 116550 157689 169228 943733 773994 223988 212002 741946 380362 911015 168120 923561 568234 741588 891010 46166 741509 211187 864938 626035 206388 424451 864870 662303 65080 475567 713514 474981 65 601553 144491 260092 730461 339324 474854 317535 188357 403172 25601 470421 803187 515996 826586 912337 69808 178587 688951 35833 486071 491671 775917 58488 80246 750792 260237 203635 934651 442008 806124 317396 513692 734924 918134 404824 992257 501698 40790 566734 861003 562484 546251 787828 377535 922812 272129 106039 69233 699759 155333 330858 160377 425665 557449 699111 279396 111983 346892 806503 944707 836378 220155 570178 347165 560211 59671 866737 742472 917157 82243 538101 801928 71455 782881 589294 807064 772295 88693 298334 937793 946747 513986 795603 792837 924433 558524 117839 519254 571305 878015 416783 678486 147005 457612 867845 483198 699969 805277 255767 583776 825440 85346 515418 131109 849116 295528 400530 73751 245397 274702 463874 831587 606907 715189 456476 143968 8753 528388 88890 933771 284969 245066 646151 983920 279360 876425 307961 972844 349764 811884 316201 925666 798495 859860 833032 774744 394906 364648 359130 247999 746152 694800 388184 910887 889379 937970 542062 863774 801536 362867 54614 835110 498874 835211 466818 44717 81677 290352 728102 565187 123726 916804 737905 894122 488812 971060 976621 459403 487944 131163 797012 617760 398863 249844 709579 188438 127031 341303 52818 320678 882744 529928 286421 631516 791721 629530 205442 246144 823112 920808 842513 793575 477264 905556 36157 208634 851033 25835 627502 327546 621935 495302 113821 693596 519543 659887 620236 354596 665736 28591 634272 604316 398349 119173 733581 316544 665609 28903 900997 186945 357226 230082 616652 112480 929886
335275 229991 383352 274622 319809 100773 41932 278318 378708 476944 411851 289336 489460 500000 307214 199424 85974 117383 21367 268370 420648 306338 494685 434348 421641 71411 66728 125612 132204 373514 182996 313116 464981 326109 406809 279126 408970 235621 234098 336196 462773 423943 442109 258236 243686 419677 218790 227077 163305 485263 451431 177991 257088 74975 487735 366834 199688 115047 238785 170486 440035 337036 255686 5838 499210 312038 481610 452608 450277 69762 195690 272251 184348 278490 92321 220486 147852 148154 342099 185658 322910 285760 300166 334433 457273 388045 212585 242824 432670 491444 227959 333837 176989 99599 123975 92 459687 462990 165818 92998
