6

5
9 9 9
3 3 3
5 5 5
5 5 5
1 1 1

10
6 6 6
19 19 19
16 16 16
2 2 2
1 1 1
19 19 19
5 5 5
3 3 3
5 5 5
11 11 11

25
42 28 5
24 38 5
27 20 45
27 34 41
13 50 42
23 43 18
34 10 10
26 38 29
48 10 39
50 19 5
11 36 18
49 38 27
43 41 4
10 10 47
7 13 7
5 43 37
24 7 38
13 31 50
50 12 26
32 23 38
19 27 41
47 18 38
47 49 10
4 40 3
14 9 15

50
21 97 63
64 16 92
46 2 14
100 40 24
40 38 10
27 70 79
23 84 99
59 42 45
62 34 92
84 99 57
84 40 95
29 31 72
64 27 88
78 71 91
39 25 88
36 99 21
83 37 41
40 35 41
54 10 62
76 25 42
89 61 34
37 71 1
32 40 72
76 86 41
95 2 27
89 81 6
53 53 43
28 55 36
3 48 89
43 49 74
70 3 21
75 62 3
36 20 94
87 4 46
5 19 80
81 78 22
81 18 79
2 48 22
24 93 1
63 79 7
72 86 88
99 43 100
22 24 84
57 49 49
21 70 80
58 42 68
15 67 73
84 67 52
44 97 7
60 70 35

75
32 23 23
17 49 42
85 86 34
67 37 76
53 63 98
46 81 60
20 18 14
46 32 41
77 50 75
44 90 51
66 68 43
25 21 58
19 1 9
31 47 97
58 87 18
69 25 69
20 15 10
13 98 30
23 42 75
10 44 8
25 16 81
34 88 57
10 3 62
51 49 41
70 96 27
61 6 66
87 46 37
58 56 67
54 26 89
62 52 6
59 62 54
59 39 19
61 14 40
100 31 30
14 89 35
97 61 13
48 67 46
88 1 1
58 18 63
20 16 81
60 88 69
87 87 96
86 52 84
17 95 48
92 46 93
39 84 9
35 64 80
31 23 65
19 96 22
68 48 44
31 27 20
47 67 26
72 16 93
69 40 2
95 64 68
90 29 35
29 2 4
34 16 23
80 78 28
43 77 63
80 83 80
95 19 15
23 26 8
53 89 77
74 22 91
32 96 23
4 26 8
43 79 92
73 90 100
98 9 20
65 46 85
6 94 81
14 28 19
55 4 22
13 59 27

100
12 90 31
61 67 96
96 18 60
17 4 90
86 76 55
98 1 75
19 23 64
62 8 78
65 33 64
8 90 83
14 98 74
86 17 96
57 46 35
33 83 5
33 8 42
5 8 2
2 67 2
72 21 49
62 87 7
93 33 24
65 10 7
29 81 27
6 19 16
88 61 78
78 96 28
77 56 16
94 4 100
1 6 98
54 2 93
84 20 92
37 8 42
70 82 96
2 88 54
99 62 52
37 33 8
19 82 60
78 34 17
33 11 74
64 92 96
83 4 90
16 4 83
98 77 27
66 43 51
75 51 68
3 40 72
56 41 53
71 42 12
67 56 39
22 20 73
46 13 40
38 81 76
94 6 78
42 25 89
100 92 48
47 92 7
40 57 90
89 16 12
5 6 41
6 30 81
79 68 14
43 6 70
36 58 35
76 94 26
58 12 1
29 44 92
50 86 100
18 65 6
83 98 35
63 58 69
74 24 8
99 23 75
28 68 11
49 55 53
74 8 88
74 16 36
85 55 53
15 17 33
54 89 19
83 96 14
90 44 100
47 91 17
14 60 45
70 45 82
12 43 69
90 2 96
2 90 21
32 66 87
70 21 36
41 60 10
61 31 32
33 78 55
6 41 82
92 24 96
76 5 1
91 64 48
82 34 42
61 26 64
65 21 53
1 17 1
42 91 61
